selection file, result

1

[200, 2.0, 0.0, 1.0]
[187, 3.0, 1.0, 1.0]
[145, 3.0, 0.0, 1.0]
[96, 3.0, 0.0, 0.0]
[124, 3.0, 1.0, 0.0]
[200, 1.0, 0.0, 0.0]
[196, 2.0, 1.0, 0.0]
[187, 2.0, 0.0, 0.0]

2

[200, 2.0, 0.0, 1.0]
[187, 3.0, 1.0, 1.0]
[145, 3.0, 0.0, 1.0]
[96, 3.0, 0.0, 0.0]
[124, 3.0, 1.0, 0.0]
[200, 1.0, 0.0, 0.0]
[196, 2.0, 1.0, 0.0]
[187, 2.0, 0.0, 0.0]

3

[200, 2.0, 0.0, 1.0]
[187, 3.0, 1.0, 1.0]
[145, 3.0, 0.0, 1.0]
[96, 3.0, 0.0, 0.0]
[124, 3.0, 1.0, 0.0]
[200, 1.0, 0.0, 0.0]
[196, 2.0, 1.0, 0.0]
[187, 2.0, 0.0, 0.0]

4

[200, 2.0, 0.0, 1.0]
[187, 3.0, 1.0, 1.0]
[145, 3.0, 0.0, 1.0]
[96, 3.0, 0.0, 0.0]
[124, 3.0, 1.0, 0.0]
[200, 1.0, 0.0, 0.0]
[196, 2.0, 1.0, 0.0]
[187, 2.0, 0.0, 0.0]

5

[200, 2.0, 0.0, 1.0]
[187, 3.0, 1.0, 1.0]
[145, 3.0, 0.0, 1.0]
[96, 3.0, 0.0, 0.0]
[124, 3.0, 1.0, 0.0]
[200, 1.0, 0.0, 0.0]
[196, 2.0, 1.0, 0.0]
[185, 2.0, 0.0, 0.0]

6

[200, 2.0, 0.0, 1.0]
[187, 3.0, 1.0, 1.0]
[145, 3.0, 0.0, 1.0]
[96, 3.0, 0.0, 0.0]
[124, 3.0, 1.0, 0.0]
[200, 1.0, 1.0, 0.0]
[196, 2.0, 1.0, 0.0]
[184, 2.0, 0.0, 0.0]
[200, 0.0, 0.0, 0.0]
[199, 1.0, 0.0, 0.0]
