selection file, result

13

[19940304, 19950502.0, 0.0, 0.0, 0.0, 1.0, 0.0, 1.0, 0.0]
[19940426, 19950101.0, 0.0, 0.0, 0.0, 1.0, 1.0, 1.0, 0.0]
[19940506, 19950111.0, 0.0, 1.0, 0.0, 1.0, 0.0, 1.0, 0.0]
[19940510, 19950113.0, 0.0, 1.0, 0.0, 1.0, 0.0, 1.0, 0.0]
[19940515, 19950114.0, 0.0, 1.0, 0.0, 1.0, 0.0, 1.0, 0.0]
[19940518, 19950126.0, 0.0, 1.0, 0.0, 1.0, 0.0, 1.0, 0.0]
[19940527, 19950202.0, 0.0, 1.0, 0.0, 1.0, 0.0, 1.0, 0.0]
[19940527, 19950114.0, 0.0, 1.0, 1.0, 0.0, 0.0, 1.0, 0.0]
[19940604, 19950208.0, 0.0, 1.0, 0.0, 1.0, 0.0, 1.0, 0.0]
[19940610, 19950222.0, 0.0, 1.0, 0.0, 1.0, 0.0, 1.0, 0.0]
[19940611, 19950224.0, 0.0, 1.0, 0.0, 1.0, 0.0, 1.0, 0.0]
[19940614, 19950301.0, 0.0, 1.0, 0.0, 1.0, 0.0, 1.0, 0.0]
[19940617, 19950309.0, 0.0, 1.0, 0.0, 1.0, 0.0, 1.0, 0.0]
[19940720, 19950315.0, 0.0, 1.0, 0.0, 1.0, 0.0, 1.0, 0.0]
[19940720, 19950423.0, 0.0, 0.0, 0.0, 1.0, 1.0, 1.0, 0.0]
[19940721, 19950424.0, 0.0, 0.0, 0.0, 1.0, 1.0, 1.0, 0.0]
[19940722, 19950502.0, 0.0, 0.0, 0.0, 1.0, 1.0, 1.0, 0.0]
[19940722, 19950316.0, 0.0, 1.0, 0.0, 1.0, 0.0, 1.0, 0.0]
[19940722, 19950114.0, 1.0, 1.0, 0.0, 1.0, 0.0, 1.0, 0.0]
[19940722, 19950111.0, 0.0, 1.0, 0.0, 1.0, 0.0, 1.0, 1.0]
[19940722, 19950101.0, 0.0, 1.0, 0.0, 1.0, 1.0, 1.0, 0.0]
[19940730, 19950402.0, 0.0, 1.0, 0.0, 1.0, 0.0, 1.0, 0.0]
[19940730, 19950223.0, 1.0, 0.0, 0.0, 1.0, 1.0, 1.0, 0.0]
[19940730, 19950113.0, 0.0, 1.0, 0.0, 1.0, 1.0, 1.0, 0.0]
[19940809, 19950404.0, 0.0, 1.0, 0.0, 1.0, 0.0, 1.0, 0.0]
[19940809, 19950224.0, 1.0, 0.0, 0.0, 1.0, 1.0, 1.0, 0.0]
[19940812, 19950417.0, 0.0, 1.0, 0.0, 1.0, 0.0, 1.0, 0.0]
[19940812, 19950114.0, 0.0, 1.0, 0.0, 1.0, 1.0, 1.0, 0.0]
[19940822, 19950419.0, 0.0, 1.0, 0.0, 1.0, 0.0, 1.0, 0.0]
[19940822, 19950126.0, 0.0, 1.0, 0.0, 1.0, 1.0, 1.0, 0.0]
[19940822, 19950101.0, 0.0, 1.0, 0.0, 1.0, 1.0, 1.0, 1.0]
[19940826, 19950424.0, 0.0, 1.0, 0.0, 1.0, 0.0, 1.0, 0.0]
[19940826, 19950313.0, 1.0, 0.0, 0.0, 1.0, 1.0, 1.0, 0.0]
[19940826, 19950204.0, 0.0, 1.0, 0.0, 1.0, 1.0, 1.0, 0.0]
[19940826, 19950101.0, 1.0, 1.0, 0.0, 1.0, 1.0, 1.0, 0.0]
[19940829, 19950502.0, 0.0, 1.0, 0.0, 1.0, 0.0, 1.0, 0.0]
[19940829, 19950315.0, 1.0, 0.0, 0.0, 1.0, 1.0, 1.0, 0.0]
[19940829, 19950208.0, 0.0, 1.0, 0.0, 1.0, 1.0, 1.0, 0.0]
[19940829, 19950108.0, 1.0, 1.0, 0.0, 1.0, 1.0, 1.0, 0.0]
[19940830, 19950209.0, 0.0, 1.0, 0.0, 1.0, 1.0, 1.0, 0.0]
[19940830, 19950113.0, 1.0, 1.0, 0.0, 1.0, 1.0, 1.0, 0.0]
[19940901, 19950217.0, 0.0, 1.0, 0.0, 1.0, 1.0, 1.0, 0.0]
[19940901, 19950316.0, 1.0, 0.0, 0.0, 1.0, 1.0, 1.0, 0.0]
[19940901, 19950114.0, 0.0, 1.0, 0.0, 1.0, 1.0, 1.0, 1.0]
[19940902, 19950220.0, 0.0, 1.0, 0.0, 1.0, 1.0, 1.0, 0.0]
[19940902, 19950319.0, 1.0, 0.0, 0.0, 1.0, 1.0, 1.0, 0.0]
[19940902, 19950114.0, 1.0, 1.0, 0.0, 1.0, 1.0, 1.0, 0.0]
[19940906, 19950222.0, 0.0, 1.0, 0.0, 1.0, 1.0, 1.0, 0.0]
[19940906, 19950126.0, 1.0, 1.0, 0.0, 1.0, 1.0, 1.0, 0.0]
[19940907, 19950223.0, 0.0, 1.0, 0.0, 1.0, 1.0, 1.0, 0.0]
[19940907, 19950402.0, 1.0, 0.0, 0.0, 1.0, 1.0, 1.0, 0.0]
[19940907, 19950202.0, 1.0, 1.0, 0.0, 1.0, 1.0, 1.0, 0.0]
[19940913, 19950224.0, 0.0, 1.0, 0.0, 1.0, 1.0, 1.0, 0.0]
[19940913, 19950419.0, 1.0, 0.0, 0.0, 1.0, 1.0, 1.0, 0.0]
[19940913, 19950206.0, 1.0, 1.0, 0.0, 1.0, 1.0, 1.0, 0.0]
[19940914, 19950301.0, 0.0, 1.0, 0.0, 1.0, 1.0, 1.0, 0.0]
[19940914, 19950423.0, 1.0, 0.0, 0.0, 1.0, 1.0, 1.0, 0.0]
[19940915, 19950303.0, 0.0, 1.0, 0.0, 1.0, 1.0, 1.0, 0.0]
[19940915, 19950424.0, 1.0, 0.0, 0.0, 1.0, 1.0, 1.0, 0.0]
[19940920, 19950309.0, 0.0, 1.0, 0.0, 1.0, 1.0, 1.0, 0.0]
[19940920, 19950502.0, 1.0, 0.0, 0.0, 1.0, 1.0, 1.0, 0.0]
[19940920, 19950208.0, 1.0, 1.0, 0.0, 1.0, 1.0, 1.0, 0.0]
[19940922, 19950315.0, 0.0, 1.0, 0.0, 1.0, 1.0, 1.0, 0.0]
[19940922, 19950209.0, 1.0, 1.0, 0.0, 1.0, 1.0, 1.0, 0.0]
[19940925, 19950316.0, 0.0, 1.0, 0.0, 1.0, 1.0, 1.0, 0.0]
[19940925, 19950217.0, 1.0, 1.0, 0.0, 1.0, 1.0, 1.0, 0.0]
[19940926, 19950319.0, 0.0, 1.0, 0.0, 1.0, 1.0, 1.0, 0.0]
[19940926, 19950220.0, 1.0, 1.0, 0.0, 1.0, 1.0, 1.0, 0.0]
[19940928, 19950324.0, 0.0, 1.0, 0.0, 1.0, 1.0, 1.0, 0.0]
[19940928, 19950222.0, 1.0, 1.0, 0.0, 1.0, 1.0, 1.0, 0.0]
[19940930, 19950402.0, 0.0, 1.0, 0.0, 1.0, 1.0, 1.0, 0.0]
[19940930, 19950224.0, 1.0, 1.0, 0.0, 1.0, 1.0, 1.0, 0.0]
[19940930, 19950209.0, 1.0, 1.0, 0.0, 1.0, 1.0, 1.0, 1.0]
[19941002, 19950404.0, 0.0, 1.0, 0.0, 1.0, 1.0, 1.0, 0.0]
[19941002, 19950303.0, 1.0, 1.0, 0.0, 1.0, 1.0, 1.0, 0.0]
[19941004, 19950419.0, 0.0, 1.0, 0.0, 1.0, 1.0, 1.0, 0.0]
[19941004, 19950208.0, 1.0, 1.0, 1.0, 1.0, 1.0, 1.0, 0.0]
[19941006, 19950424.0, 0.0, 1.0, 0.0, 1.0, 1.0, 1.0, 0.0]
[19941006, 19950313.0, 1.0, 1.0, 0.0, 1.0, 1.0, 1.0, 0.0]
[19941006, 19950209.0, 1.0, 1.0, 1.0, 1.0, 1.0, 1.0, 0.0]
[19941007, 19950315.0, 1.0, 1.0, 0.0, 1.0, 1.0, 1.0, 0.0]
[19941008, 19950316.0, 1.0, 1.0, 0.0, 1.0, 1.0, 1.0, 0.0]
[19941014, 19950324.0, 1.0, 1.0, 0.0, 1.0, 1.0, 1.0, 0.0]
[19941014, 19950220.0, 1.0, 1.0, 1.0, 1.0, 1.0, 1.0, 0.0]
[19941015, 19950331.0, 1.0, 1.0, 0.0, 1.0, 1.0, 1.0, 0.0]
[19941020, 19950402.0, 1.0, 1.0, 0.0, 1.0, 1.0, 1.0, 0.0]
[19941020, 19950223.0, 1.0, 1.0, 1.0, 1.0, 1.0, 1.0, 0.0]
[19941022, 19950405.0, 1.0, 1.0, 0.0, 1.0, 1.0, 1.0, 0.0]
[19941022, 19950224.0, 1.0, 1.0, 1.0, 1.0, 1.0, 1.0, 0.0]
[19941026, 19950417.0, 1.0, 1.0, 0.0, 1.0, 1.0, 1.0, 0.0]
[19941026, 19950303.0, 1.0, 1.0, 1.0, 1.0, 1.0, 1.0, 0.0]
[19941028, 19950423.0, 1.0, 1.0, 0.0, 1.0, 1.0, 1.0, 0.0]
[19941101, 19950424.0, 1.0, 1.0, 0.0, 1.0, 1.0, 1.0, 0.0]
[19941103, 19950502.0, 1.0, 1.0, 0.0, 1.0, 1.0, 1.0, 0.0]
[19941103, 19950313.0, 1.0, 1.0, 1.0, 1.0, 1.0, 1.0, 0.0]
[19941104, 19950504.0, 1.0, 1.0, 0.0, 1.0, 1.0, 1.0, 0.0]
[19941104, 19950315.0, 1.0, 1.0, 1.0, 1.0, 1.0, 1.0, 0.0]
[19941107, 19950316.0, 1.0, 1.0, 1.0, 1.0, 1.0, 1.0, 0.0]
[19941108, 19950319.0, 1.0, 1.0, 1.0, 1.0, 1.0, 1.0, 0.0]
[19941111, 19950322.0, 1.0, 1.0, 1.0, 1.0, 1.0, 1.0, 0.0]
[19941111, 19950423.0, 0.0, 1.0, 1.0, 1.0, 1.0, 1.0, 0.0]
[19941114, 19950424.0, 0.0, 1.0, 1.0, 1.0, 1.0, 1.0, 0.0]
[19941114, 19950324.0, 1.0, 1.0, 1.0, 1.0, 1.0, 1.0, 0.0]
[19941116, 19950331.0, 1.0, 1.0, 1.0, 1.0, 1.0, 1.0, 0.0]
[19941128, 19950402.0, 1.0, 1.0, 1.0, 1.0, 1.0, 1.0, 0.0]
[19941129, 19950403.0, 1.0, 1.0, 1.0, 1.0, 1.0, 1.0, 0.0]
[19941130, 19950405.0, 1.0, 1.0, 1.0, 1.0, 1.0, 1.0, 0.0]
[19941204, 19950414.0, 1.0, 1.0, 1.0, 1.0, 1.0, 1.0, 0.0]
[19941206, 19950417.0, 1.0, 1.0, 1.0, 1.0, 1.0, 1.0, 0.0]
[19941208, 19950423.0, 1.0, 1.0, 1.0, 1.0, 1.0, 1.0, 0.0]
[19941213, 19950424.0, 1.0, 1.0, 1.0, 1.0, 1.0, 1.0, 0.0]
[19940302.0, 19950424.0, 0.0, 0.0, 0.0, 1.0, 0.0, 1.0, 0.0]
[19940301.0, 19950423.0, 0.0, 0.0, 0.0, 1.0, 0.0, 1.0, 0.0]
[19940227.0, 19950419.0, 0.0, 0.0, 0.0, 1.0, 0.0, 1.0, 0.0]
[19940204.0, 19950402.0, 0.0, 0.0, 0.0, 1.0, 0.0, 1.0, 0.0]
[19941126, 19950506.0, 0.0, 1.0, 1.0, 1.0, 1.0, 1.0, 0.0]
[19941111, 19950506.0, 1.0, 1.0, 1.0, 1.0, 0.0, 1.0, 0.0]
[19941104, 19950424.0, 1.0, 1.0, 1.0, 1.0, 0.0, 1.0, 0.0]
[19941101, 19950423.0, 1.0, 1.0, 1.0, 1.0, 0.0, 1.0, 0.0]
[19941019, 19950315.0, 0.0, 1.0, 1.0, 1.0, 1.0, 1.0, 0.0]
[19941019, 19950222.0, 1.0, 1.0, 1.0, 1.0, 1.0, 1.0, 0.0]
[19941019, 19950209.0, 1.0, 1.0, 1.0, 1.0, 1.0, 1.0, 1.0]
[19940928, 19950424.0, 1.0, 1.0, 0.0, 1.0, 0.0, 1.0, 0.0]
[19940926, 19950419.0, 1.0, 1.0, 0.0, 1.0, 0.0, 1.0, 0.0]
[19940925, 19950417.0, 1.0, 1.0, 0.0, 1.0, 0.0, 1.0, 0.0]
[19940922, 19950405.0, 1.0, 1.0, 0.0, 1.0, 0.0, 1.0, 0.0]
[19940920, 19950402.0, 1.0, 1.0, 0.0, 1.0, 0.0, 1.0, 0.0]
[19940913, 19950331.0, 1.0, 1.0, 0.0, 1.0, 0.0, 1.0, 0.0]
[19940907, 19950313.0, 1.0, 1.0, 0.0, 1.0, 0.0, 1.0, 0.0]
[19940907, 19950209.0, 1.0, 1.0, 0.0, 1.0, 0.0, 1.0, 1.0]
[19940902, 19950126.0, 0.0, 1.0, 0.0, 1.0, 1.0, 1.0, 1.0]
[19940902, 19950217.0, 0.0, 1.0, 1.0, 0.0, 1.0, 1.0, 0.0]
[19940902, 19950309.0, 1.0, 1.0, 0.0, 1.0, 0.0, 1.0, 0.0]
[19940902, 19950301.0, 1.0, 1.0, 1.0, 0.0, 0.0, 1.0, 0.0]
[19940901, 19950216.0, 0.0, 1.0, 1.0, 0.0, 1.0, 1.0, 0.0]
[19940830, 19950301.0, 1.0, 1.0, 0.0, 1.0, 0.0, 1.0, 0.0]
[19940829, 19950111.0, 0.0, 1.0, 0.0, 1.0, 1.0, 1.0, 1.0]
[19940829, 19950216.0, 0.0, 1.0, 1.0, 1.0, 0.0, 1.0, 0.0]
[19940829, 19950222.0, 1.0, 1.0, 0.0, 1.0, 0.0, 1.0, 0.0]
[19940826, 19950108.0, 0.0, 1.0, 0.0, 1.0, 1.0, 1.0, 1.0]
[19940826, 19950215.0, 0.0, 1.0, 1.0, 1.0, 0.0, 1.0, 0.0]
[19940822, 19950114.0, 1.0, 1.0, 0.0, 1.0, 0.0, 1.0, 1.0]
[19940822, 19950130.0, 0.0, 1.0, 1.0, 1.0, 0.0, 1.0, 0.0]
[19940822, 19950208.0, 1.0, 1.0, 0.0, 1.0, 0.0, 1.0, 0.0]
[19940820, 19950303.0, 1.0, 0.0, 0.0, 1.0, 1.0, 1.0, 0.0]
[19940817, 19950301.0, 1.0, 0.0, 0.0, 1.0, 1.0, 1.0, 0.0]
[19940816, 19950128.0, 0.0, 1.0, 1.0, 1.0, 0.0, 1.0, 0.0]
[19940812, 19950111.0, 1.0, 1.0, 0.0, 1.0, 0.0, 1.0, 1.0]
[19940812, 19950126.0, 0.0, 1.0, 1.0, 1.0, 0.0, 1.0, 0.0]
[19940812, 19950206.0, 1.0, 1.0, 0.0, 1.0, 0.0, 1.0, 0.0]
[19940809, 19950107.0, 1.0, 1.0, 0.0, 1.0, 0.0, 1.0, 1.0]
[19940809, 19950119.0, 0.0, 1.0, 1.0, 1.0, 0.0, 1.0, 0.0]
[19940809, 19950205.0, 1.0, 1.0, 0.0, 1.0, 0.0, 1.0, 0.0]
[19940809, 19950217.0, 0.0, 1.0, 0.0, 1.0, 0.0, 1.0, 1.0]
[19940805, 19950202.0, 0.0, 1.0, 0.0, 1.0, 0.0, 1.0, 1.0]
[19940805, 19950101.0, 1.0, 1.0, 0.0, 1.0, 0.0, 1.0, 1.0]
[19940730, 19950114.0, 0.0, 1.0, 0.0, 1.0, 0.0, 1.0, 1.0]
[19940730, 19950202.0, 1.0, 1.0, 0.0, 1.0, 0.0, 1.0, 0.0]
[19940729, 19950222.0, 1.0, 0.0, 0.0, 1.0, 1.0, 1.0, 0.0]
[19940729, 19950126.0, 1.0, 1.0, 0.0, 1.0, 0.0, 1.0, 0.0]
[19940722, 19950208.0, 1.0, 0.0, 0.0, 1.0, 1.0, 1.0, 0.0]
[19940720, 19950107.0, 0.0, 1.0, 0.0, 1.0, 0.0, 1.0, 1.0]
[19940719, 19950113.0, 1.0, 1.0, 0.0, 1.0, 0.0, 1.0, 0.0]
[19940717, 19950502.0, 1.0, 0.0, 0.0, 1.0, 0.0, 1.0, 0.0]
[19940717, 19950111.0, 1.0, 1.0, 0.0, 1.0, 0.0, 1.0, 0.0]
[19940717, 19950206.0, 1.0, 0.0, 0.0, 1.0, 1.0, 1.0, 0.0]
[19940716, 19950424.0, 1.0, 0.0, 0.0, 1.0, 0.0, 1.0, 0.0]
[19940716, 19950101.0, 1.0, 1.0, 0.0, 1.0, 0.0, 1.0, 0.0]
[19940716, 19950205.0, 1.0, 0.0, 0.0, 1.0, 1.0, 1.0, 0.0]
[19940714, 19950423.0, 1.0, 0.0, 0.0, 1.0, 0.0, 1.0, 0.0]
[19940714, 19950204.0, 1.0, 0.0, 0.0, 1.0, 1.0, 1.0, 0.0]
[19940713, 19950419.0, 0.0, 0.0, 0.0, 1.0, 1.0, 1.0, 0.0]
[19940713, 19950101.0, 0.0, 1.0, 0.0, 1.0, 0.0, 1.0, 1.0]
[19940713, 19950121.0, 1.0, 0.0, 0.0, 1.0, 1.0, 1.0, 0.0]
[19940701, 19950419.0, 1.0, 0.0, 0.0, 1.0, 0.0, 1.0, 0.0]
[19940701, 19950114.0, 1.0, 0.0, 0.0, 1.0, 1.0, 1.0, 0.0]
[19940616, 19950405.0, 1.0, 0.0, 0.0, 1.0, 0.0, 1.0, 0.0]
[19940518, 19950113.0, 0.0, 1.0, 1.0, 0.0, 0.0, 1.0, 0.0]
[19940510, 19950111.0, 0.0, 1.0, 1.0, 0.0, 0.0, 1.0, 0.0]
[19940506, 19950101.0, 0.0, 1.0, 1.0, 0.0, 0.0, 1.0, 0.0]
[19940505, 19950101.0, 0.0, 1.0, 0.0, 1.0, 0.0, 1.0, 0.0]
[19940428, 19950108.0, 0.0, 0.0, 0.0, 1.0, 1.0, 1.0, 0.0]
[19940413, 19940918.0, 0.0, 0.0, 1.0, 1.0, 0.0, 1.0, 1.0]
[19940307, 19941009.0, 0.0, 0.0, 1.0, 0.0, 0.0, 1.0, 1.0]

12

[19940304, 19950502.0, 0.0, 0.0, 0.0, 1.0, 0.0, 1.0, 0.0]
[19940426, 19950101.0, 0.0, 0.0, 0.0, 1.0, 1.0, 1.0, 0.0]
[19940506, 19950111.0, 0.0, 1.0, 0.0, 1.0, 0.0, 1.0, 0.0]
[19940510, 19950113.0, 0.0, 1.0, 0.0, 1.0, 0.0, 1.0, 0.0]
[19940515, 19950114.0, 0.0, 1.0, 0.0, 1.0, 0.0, 1.0, 0.0]
[19940518, 19950126.0, 0.0, 1.0, 0.0, 1.0, 0.0, 1.0, 0.0]
[19940527, 19950202.0, 0.0, 1.0, 0.0, 1.0, 0.0, 1.0, 0.0]
[19940527, 19950114.0, 0.0, 1.0, 1.0, 0.0, 0.0, 1.0, 0.0]
[19940604, 19950208.0, 0.0, 1.0, 0.0, 1.0, 0.0, 1.0, 0.0]
[19940610, 19950222.0, 0.0, 1.0, 0.0, 1.0, 0.0, 1.0, 0.0]
[19940611, 19950224.0, 0.0, 1.0, 0.0, 1.0, 0.0, 1.0, 0.0]
[19940614, 19950301.0, 0.0, 1.0, 0.0, 1.0, 0.0, 1.0, 0.0]
[19940617, 19950309.0, 0.0, 1.0, 0.0, 1.0, 0.0, 1.0, 0.0]
[19940720, 19950315.0, 0.0, 1.0, 0.0, 1.0, 0.0, 1.0, 0.0]
[19940720, 19950423.0, 0.0, 0.0, 0.0, 1.0, 1.0, 1.0, 0.0]
[19940721, 19950424.0, 0.0, 0.0, 0.0, 1.0, 1.0, 1.0, 0.0]
[19940722, 19950502.0, 0.0, 0.0, 0.0, 1.0, 1.0, 1.0, 0.0]
[19940722, 19950316.0, 0.0, 1.0, 0.0, 1.0, 0.0, 1.0, 0.0]
[19940722, 19950114.0, 1.0, 1.0, 0.0, 1.0, 0.0, 1.0, 0.0]
[19940722, 19950111.0, 0.0, 1.0, 0.0, 1.0, 0.0, 1.0, 1.0]
[19940722, 19950101.0, 0.0, 1.0, 0.0, 1.0, 1.0, 1.0, 0.0]
[19940730, 19950402.0, 0.0, 1.0, 0.0, 1.0, 0.0, 1.0, 0.0]
[19940730, 19950223.0, 1.0, 0.0, 0.0, 1.0, 1.0, 1.0, 0.0]
[19940730, 19950113.0, 0.0, 1.0, 0.0, 1.0, 1.0, 1.0, 0.0]
[19940809, 19950404.0, 0.0, 1.0, 0.0, 1.0, 0.0, 1.0, 0.0]
[19940809, 19950224.0, 1.0, 0.0, 0.0, 1.0, 1.0, 1.0, 0.0]
[19940812, 19950417.0, 0.0, 1.0, 0.0, 1.0, 0.0, 1.0, 0.0]
[19940812, 19950114.0, 0.0, 1.0, 0.0, 1.0, 1.0, 1.0, 0.0]
[19940822, 19950419.0, 0.0, 1.0, 0.0, 1.0, 0.0, 1.0, 0.0]
[19940822, 19950126.0, 0.0, 1.0, 0.0, 1.0, 1.0, 1.0, 0.0]
[19940822, 19950101.0, 0.0, 1.0, 0.0, 1.0, 1.0, 1.0, 1.0]
[19940826, 19950424.0, 0.0, 1.0, 0.0, 1.0, 0.0, 1.0, 0.0]
[19940826, 19950313.0, 1.0, 0.0, 0.0, 1.0, 1.0, 1.0, 0.0]
[19940826, 19950204.0, 0.0, 1.0, 0.0, 1.0, 1.0, 1.0, 0.0]
[19940826, 19950101.0, 1.0, 1.0, 0.0, 1.0, 1.0, 1.0, 0.0]
[19940829, 19950502.0, 0.0, 1.0, 0.0, 1.0, 0.0, 1.0, 0.0]
[19940829, 19950315.0, 1.0, 0.0, 0.0, 1.0, 1.0, 1.0, 0.0]
[19940829, 19950208.0, 0.0, 1.0, 0.0, 1.0, 1.0, 1.0, 0.0]
[19940829, 19950108.0, 1.0, 1.0, 0.0, 1.0, 1.0, 1.0, 0.0]
[19940830, 19950209.0, 0.0, 1.0, 0.0, 1.0, 1.0, 1.0, 0.0]
[19940830, 19950113.0, 1.0, 1.0, 0.0, 1.0, 1.0, 1.0, 0.0]
[19940901, 19950217.0, 0.0, 1.0, 0.0, 1.0, 1.0, 1.0, 0.0]
[19940901, 19950316.0, 1.0, 0.0, 0.0, 1.0, 1.0, 1.0, 0.0]
[19940901, 19950114.0, 0.0, 1.0, 0.0, 1.0, 1.0, 1.0, 1.0]
[19940902, 19950220.0, 0.0, 1.0, 0.0, 1.0, 1.0, 1.0, 0.0]
[19940902, 19950319.0, 1.0, 0.0, 0.0, 1.0, 1.0, 1.0, 0.0]
[19940902, 19950114.0, 1.0, 1.0, 0.0, 1.0, 1.0, 1.0, 0.0]
[19940906, 19950222.0, 0.0, 1.0, 0.0, 1.0, 1.0, 1.0, 0.0]
[19940906, 19950126.0, 1.0, 1.0, 0.0, 1.0, 1.0, 1.0, 0.0]
[19940907, 19950223.0, 0.0, 1.0, 0.0, 1.0, 1.0, 1.0, 0.0]
[19940907, 19950402.0, 1.0, 0.0, 0.0, 1.0, 1.0, 1.0, 0.0]
[19940907, 19950202.0, 1.0, 1.0, 0.0, 1.0, 1.0, 1.0, 0.0]
[19940913, 19950224.0, 0.0, 1.0, 0.0, 1.0, 1.0, 1.0, 0.0]
[19940913, 19950419.0, 1.0, 0.0, 0.0, 1.0, 1.0, 1.0, 0.0]
[19940913, 19950206.0, 1.0, 1.0, 0.0, 1.0, 1.0, 1.0, 0.0]
[19940914, 19950301.0, 0.0, 1.0, 0.0, 1.0, 1.0, 1.0, 0.0]
[19940914, 19950423.0, 1.0, 0.0, 0.0, 1.0, 1.0, 1.0, 0.0]
[19940915, 19950303.0, 0.0, 1.0, 0.0, 1.0, 1.0, 1.0, 0.0]
[19940915, 19950424.0, 1.0, 0.0, 0.0, 1.0, 1.0, 1.0, 0.0]
[19940920, 19950309.0, 0.0, 1.0, 0.0, 1.0, 1.0, 1.0, 0.0]
[19940920, 19950502.0, 1.0, 0.0, 0.0, 1.0, 1.0, 1.0, 0.0]
[19940920, 19950208.0, 1.0, 1.0, 0.0, 1.0, 1.0, 1.0, 0.0]
[19940922, 19950315.0, 0.0, 1.0, 0.0, 1.0, 1.0, 1.0, 0.0]
[19940922, 19950209.0, 1.0, 1.0, 0.0, 1.0, 1.0, 1.0, 0.0]
[19940925, 19950316.0, 0.0, 1.0, 0.0, 1.0, 1.0, 1.0, 0.0]
[19940925, 19950217.0, 1.0, 1.0, 0.0, 1.0, 1.0, 1.0, 0.0]
[19940926, 19950319.0, 0.0, 1.0, 0.0, 1.0, 1.0, 1.0, 0.0]
[19940926, 19950220.0, 1.0, 1.0, 0.0, 1.0, 1.0, 1.0, 0.0]
[19940928, 19950324.0, 0.0, 1.0, 0.0, 1.0, 1.0, 1.0, 0.0]
[19940928, 19950222.0, 1.0, 1.0, 0.0, 1.0, 1.0, 1.0, 0.0]
[19940930, 19950402.0, 0.0, 1.0, 0.0, 1.0, 1.0, 1.0, 0.0]
[19940930, 19950224.0, 1.0, 1.0, 0.0, 1.0, 1.0, 1.0, 0.0]
[19940930, 19950209.0, 1.0, 1.0, 0.0, 1.0, 1.0, 1.0, 1.0]
[19941002, 19950404.0, 0.0, 1.0, 0.0, 1.0, 1.0, 1.0, 0.0]
[19941002, 19950303.0, 1.0, 1.0, 0.0, 1.0, 1.0, 1.0, 0.0]
[19941004, 19950419.0, 0.0, 1.0, 0.0, 1.0, 1.0, 1.0, 0.0]
[19941004, 19950208.0, 1.0, 1.0, 1.0, 1.0, 1.0, 1.0, 0.0]
[19941006, 19950424.0, 0.0, 1.0, 0.0, 1.0, 1.0, 1.0, 0.0]
[19941006, 19950313.0, 1.0, 1.0, 0.0, 1.0, 1.0, 1.0, 0.0]
[19941006, 19950209.0, 1.0, 1.0, 1.0, 1.0, 1.0, 1.0, 0.0]
[19941007, 19950315.0, 1.0, 1.0, 0.0, 1.0, 1.0, 1.0, 0.0]
[19941008, 19950316.0, 1.0, 1.0, 0.0, 1.0, 1.0, 1.0, 0.0]
[19941014, 19950324.0, 1.0, 1.0, 0.0, 1.0, 1.0, 1.0, 0.0]
[19941014, 19950220.0, 1.0, 1.0, 1.0, 1.0, 1.0, 1.0, 0.0]
[19941015, 19950331.0, 1.0, 1.0, 0.0, 1.0, 1.0, 1.0, 0.0]
[19941020, 19950402.0, 1.0, 1.0, 0.0, 1.0, 1.0, 1.0, 0.0]
[19941020, 19950223.0, 1.0, 1.0, 1.0, 1.0, 1.0, 1.0, 0.0]
[19941022, 19950405.0, 1.0, 1.0, 0.0, 1.0, 1.0, 1.0, 0.0]
[19941022, 19950224.0, 1.0, 1.0, 1.0, 1.0, 1.0, 1.0, 0.0]
[19941026, 19950417.0, 1.0, 1.0, 0.0, 1.0, 1.0, 1.0, 0.0]
[19941026, 19950303.0, 1.0, 1.0, 1.0, 1.0, 1.0, 1.0, 0.0]
[19941028, 19950423.0, 1.0, 1.0, 0.0, 1.0, 1.0, 1.0, 0.0]
[19941101, 19950424.0, 1.0, 1.0, 0.0, 1.0, 1.0, 1.0, 0.0]
[19941103, 19950502.0, 1.0, 1.0, 0.0, 1.0, 1.0, 1.0, 0.0]
[19941103, 19950313.0, 1.0, 1.0, 1.0, 1.0, 1.0, 1.0, 0.0]
[19941104, 19950504.0, 1.0, 1.0, 0.0, 1.0, 1.0, 1.0, 0.0]
[19941104, 19950315.0, 1.0, 1.0, 1.0, 1.0, 1.0, 1.0, 0.0]
[19941107, 19950316.0, 1.0, 1.0, 1.0, 1.0, 1.0, 1.0, 0.0]
[19941108, 19950319.0, 1.0, 1.0, 1.0, 1.0, 1.0, 1.0, 0.0]
[19941111, 19950322.0, 1.0, 1.0, 1.0, 1.0, 1.0, 1.0, 0.0]
[19941111, 19950423.0, 0.0, 1.0, 1.0, 1.0, 1.0, 1.0, 0.0]
[19941114, 19950424.0, 0.0, 1.0, 1.0, 1.0, 1.0, 1.0, 0.0]
[19941114, 19950324.0, 1.0, 1.0, 1.0, 1.0, 1.0, 1.0, 0.0]
[19941116, 19950331.0, 1.0, 1.0, 1.0, 1.0, 1.0, 1.0, 0.0]
[19941128, 19950402.0, 1.0, 1.0, 1.0, 1.0, 1.0, 1.0, 0.0]
[19941129, 19950403.0, 1.0, 1.0, 1.0, 1.0, 1.0, 1.0, 0.0]
[19941130, 19950405.0, 1.0, 1.0, 1.0, 1.0, 1.0, 1.0, 0.0]
[19941204, 19950414.0, 1.0, 1.0, 1.0, 1.0, 1.0, 1.0, 0.0]
[19941206, 19950417.0, 1.0, 1.0, 1.0, 1.0, 1.0, 1.0, 0.0]
[19941208, 19950423.0, 1.0, 1.0, 1.0, 1.0, 1.0, 1.0, 0.0]
[19941213, 19950424.0, 1.0, 1.0, 1.0, 1.0, 1.0, 1.0, 0.0]
[19940302.0, 19950424.0, 0.0, 0.0, 0.0, 1.0, 0.0, 1.0, 0.0]
[19940301.0, 19950423.0, 0.0, 0.0, 0.0, 1.0, 0.0, 1.0, 0.0]
[19940227.0, 19950419.0, 0.0, 0.0, 0.0, 1.0, 0.0, 1.0, 0.0]
[19940204.0, 19950402.0, 0.0, 0.0, 0.0, 1.0, 0.0, 1.0, 0.0]
[19941126, 19950506.0, 0.0, 1.0, 1.0, 1.0, 1.0, 1.0, 0.0]
[19941111, 19950506.0, 1.0, 1.0, 1.0, 1.0, 0.0, 1.0, 0.0]
[19941104, 19950424.0, 1.0, 1.0, 1.0, 1.0, 0.0, 1.0, 0.0]
[19941101, 19950423.0, 1.0, 1.0, 1.0, 1.0, 0.0, 1.0, 0.0]
[19941019, 19950315.0, 0.0, 1.0, 1.0, 1.0, 1.0, 1.0, 0.0]
[19941019, 19950222.0, 1.0, 1.0, 1.0, 1.0, 1.0, 1.0, 0.0]
[19941019, 19950209.0, 1.0, 1.0, 1.0, 1.0, 1.0, 1.0, 1.0]
[19940928, 19950424.0, 1.0, 1.0, 0.0, 1.0, 0.0, 1.0, 0.0]
[19940926, 19950419.0, 1.0, 1.0, 0.0, 1.0, 0.0, 1.0, 0.0]
[19940925, 19950417.0, 1.0, 1.0, 0.0, 1.0, 0.0, 1.0, 0.0]
[19940922, 19950405.0, 1.0, 1.0, 0.0, 1.0, 0.0, 1.0, 0.0]
[19940920, 19950402.0, 1.0, 1.0, 0.0, 1.0, 0.0, 1.0, 0.0]
[19940913, 19950331.0, 1.0, 1.0, 0.0, 1.0, 0.0, 1.0, 0.0]
[19940907, 19950313.0, 1.0, 1.0, 0.0, 1.0, 0.0, 1.0, 0.0]
[19940907, 19950209.0, 1.0, 1.0, 0.0, 1.0, 0.0, 1.0, 1.0]
[19940902, 19950126.0, 0.0, 1.0, 0.0, 1.0, 1.0, 1.0, 1.0]
[19940902, 19950217.0, 0.0, 1.0, 1.0, 0.0, 1.0, 1.0, 0.0]
[19940902, 19950309.0, 1.0, 1.0, 0.0, 1.0, 0.0, 1.0, 0.0]
[19940902, 19950301.0, 1.0, 1.0, 1.0, 0.0, 0.0, 1.0, 0.0]
[19940901, 19950216.0, 0.0, 1.0, 1.0, 0.0, 1.0, 1.0, 0.0]
[19940830, 19950301.0, 1.0, 1.0, 0.0, 1.0, 0.0, 1.0, 0.0]
[19940829, 19950111.0, 0.0, 1.0, 0.0, 1.0, 1.0, 1.0, 1.0]
[19940829, 19950216.0, 0.0, 1.0, 1.0, 1.0, 0.0, 1.0, 0.0]
[19940829, 19950222.0, 1.0, 1.0, 0.0, 1.0, 0.0, 1.0, 0.0]
[19940826, 19950108.0, 0.0, 1.0, 0.0, 1.0, 1.0, 1.0, 1.0]
[19940826, 19950215.0, 0.0, 1.0, 1.0, 1.0, 0.0, 1.0, 0.0]
[19940822, 19950114.0, 1.0, 1.0, 0.0, 1.0, 0.0, 1.0, 1.0]
[19940822, 19950130.0, 0.0, 1.0, 1.0, 1.0, 0.0, 1.0, 0.0]
[19940822, 19950208.0, 1.0, 1.0, 0.0, 1.0, 0.0, 1.0, 0.0]
[19940820, 19950303.0, 1.0, 0.0, 0.0, 1.0, 1.0, 1.0, 0.0]
[19940817, 19950301.0, 1.0, 0.0, 0.0, 1.0, 1.0, 1.0, 0.0]
[19940816, 19950128.0, 0.0, 1.0, 1.0, 1.0, 0.0, 1.0, 0.0]
[19940812, 19950111.0, 1.0, 1.0, 0.0, 1.0, 0.0, 1.0, 1.0]
[19940812, 19950126.0, 0.0, 1.0, 1.0, 1.0, 0.0, 1.0, 0.0]
[19940812, 19950206.0, 1.0, 1.0, 0.0, 1.0, 0.0, 1.0, 0.0]
[19940809, 19950107.0, 1.0, 1.0, 0.0, 1.0, 0.0, 1.0, 1.0]
[19940809, 19950119.0, 0.0, 1.0, 1.0, 1.0, 0.0, 1.0, 0.0]
[19940809, 19950205.0, 1.0, 1.0, 0.0, 1.0, 0.0, 1.0, 0.0]
[19940809, 19950217.0, 0.0, 1.0, 0.0, 1.0, 0.0, 1.0, 1.0]
[19940805, 19950202.0, 0.0, 1.0, 0.0, 1.0, 0.0, 1.0, 1.0]
[19940805, 19950101.0, 1.0, 1.0, 0.0, 1.0, 0.0, 1.0, 1.0]
[19940730, 19950114.0, 0.0, 1.0, 0.0, 1.0, 0.0, 1.0, 1.0]
[19940730, 19950202.0, 1.0, 1.0, 0.0, 1.0, 0.0, 1.0, 0.0]
[19940729, 19950222.0, 1.0, 0.0, 0.0, 1.0, 1.0, 1.0, 0.0]
[19940729, 19950126.0, 1.0, 1.0, 0.0, 1.0, 0.0, 1.0, 0.0]
[19940722, 19950208.0, 1.0, 0.0, 0.0, 1.0, 1.0, 1.0, 0.0]
[19940720, 19950107.0, 0.0, 1.0, 0.0, 1.0, 0.0, 1.0, 1.0]
[19940719, 19950113.0, 1.0, 1.0, 0.0, 1.0, 0.0, 1.0, 0.0]
[19940717, 19950502.0, 1.0, 0.0, 0.0, 1.0, 0.0, 1.0, 0.0]
[19940717, 19950111.0, 1.0, 1.0, 0.0, 1.0, 0.0, 1.0, 0.0]
[19940717, 19950206.0, 1.0, 0.0, 0.0, 1.0, 1.0, 1.0, 0.0]
[19940716, 19950424.0, 1.0, 0.0, 0.0, 1.0, 0.0, 1.0, 0.0]
[19940716, 19950101.0, 1.0, 1.0, 0.0, 1.0, 0.0, 1.0, 0.0]
[19940716, 19950205.0, 1.0, 0.0, 0.0, 1.0, 1.0, 1.0, 0.0]
[19940714, 19950423.0, 1.0, 0.0, 0.0, 1.0, 0.0, 1.0, 0.0]
[19940714, 19950204.0, 1.0, 0.0, 0.0, 1.0, 1.0, 1.0, 0.0]
[19940713, 19950419.0, 0.0, 0.0, 0.0, 1.0, 1.0, 1.0, 0.0]
[19940713, 19950101.0, 0.0, 1.0, 0.0, 1.0, 0.0, 1.0, 1.0]
[19940713, 19950121.0, 1.0, 0.0, 0.0, 1.0, 1.0, 1.0, 0.0]
[19940701, 19950419.0, 1.0, 0.0, 0.0, 1.0, 0.0, 1.0, 0.0]
[19940701, 19950114.0, 1.0, 0.0, 0.0, 1.0, 1.0, 1.0, 0.0]
[19940616, 19950405.0, 1.0, 0.0, 0.0, 1.0, 0.0, 1.0, 0.0]
[19940518, 19950113.0, 0.0, 1.0, 1.0, 0.0, 0.0, 1.0, 0.0]
[19940510, 19950111.0, 0.0, 1.0, 1.0, 0.0, 0.0, 1.0, 0.0]
[19940506, 19950101.0, 0.0, 1.0, 1.0, 0.0, 0.0, 1.0, 0.0]
[19940505, 19950101.0, 0.0, 1.0, 0.0, 1.0, 0.0, 1.0, 0.0]
[19940428, 19950108.0, 0.0, 0.0, 0.0, 1.0, 1.0, 1.0, 0.0]
[19940413, 19940918.0, 0.0, 0.0, 1.0, 1.0, 0.0, 1.0, 1.0]
[19940307, 19941009.0, 0.0, 0.0, 1.0, 0.0, 0.0, 1.0, 1.0]

11

[19940304, 19950502, 0.0, 0.0, 0.0, 1.0, 0.0, 1.0, 0.0]
[19940426, 19950101, 0.0, 0.0, 0.0, 1.0, 1.0, 1.0, 0.0]
[19940506, 19950111, 0.0, 1.0, 0.0, 1.0, 0.0, 1.0, 0.0]
[19940510, 19950113, 0.0, 1.0, 0.0, 1.0, 0.0, 1.0, 0.0]
[19940515, 19950114, 0.0, 1.0, 0.0, 1.0, 0.0, 1.0, 0.0]
[19940518, 19950126, 0.0, 1.0, 0.0, 1.0, 0.0, 1.0, 0.0]
[19940527, 19950202, 0.0, 1.0, 0.0, 1.0, 0.0, 1.0, 0.0]
[19940527, 19950114, 0.0, 1.0, 1.0, 0.0, 0.0, 1.0, 0.0]
[19940604, 19950208, 0.0, 1.0, 0.0, 1.0, 0.0, 1.0, 0.0]
[19940610, 19950222, 0.0, 1.0, 0.0, 1.0, 0.0, 1.0, 0.0]
[19940611, 19950224, 0.0, 1.0, 0.0, 1.0, 0.0, 1.0, 0.0]
[19940614, 19950301, 0.0, 1.0, 0.0, 1.0, 0.0, 1.0, 0.0]
[19940617, 19950309, 0.0, 1.0, 0.0, 1.0, 0.0, 1.0, 0.0]
[19940720, 19950315, 0.0, 1.0, 0.0, 1.0, 0.0, 1.0, 0.0]
[19940720, 19950423, 0.0, 0.0, 0.0, 1.0, 1.0, 1.0, 0.0]
[19940721, 19950424, 0.0, 0.0, 0.0, 1.0, 1.0, 1.0, 0.0]
[19940722, 19950502, 0.0, 0.0, 0.0, 1.0, 1.0, 1.0, 0.0]
[19940722, 19950316, 0.0, 1.0, 0.0, 1.0, 0.0, 1.0, 0.0]
[19940722, 19950114, 1.0, 1.0, 0.0, 1.0, 0.0, 1.0, 0.0]
[19940722, 19950111, 0.0, 1.0, 0.0, 1.0, 0.0, 1.0, 1.0]
[19940722, 19950101, 0.0, 1.0, 0.0, 1.0, 1.0, 1.0, 0.0]
[19940730, 19950402, 0.0, 1.0, 0.0, 1.0, 0.0, 1.0, 0.0]
[19940730, 19950223, 1.0, 0.0, 0.0, 1.0, 1.0, 1.0, 0.0]
[19940730, 19950113, 0.0, 1.0, 0.0, 1.0, 1.0, 1.0, 0.0]
[19940809, 19950404, 0.0, 1.0, 0.0, 1.0, 0.0, 1.0, 0.0]
[19940809, 19950224, 1.0, 0.0, 0.0, 1.0, 1.0, 1.0, 0.0]
[19940812, 19950417, 0.0, 1.0, 0.0, 1.0, 0.0, 1.0, 0.0]
[19940812, 19950114, 0.0, 1.0, 0.0, 1.0, 1.0, 1.0, 0.0]
[19940822, 19950419, 0.0, 1.0, 0.0, 1.0, 0.0, 1.0, 0.0]
[19940822, 19950126, 0.0, 1.0, 0.0, 1.0, 1.0, 1.0, 0.0]
[19940822, 19950101, 0.0, 1.0, 0.0, 1.0, 1.0, 1.0, 1.0]
[19940826, 19950424, 0.0, 1.0, 0.0, 1.0, 0.0, 1.0, 0.0]
[19940826, 19950313, 1.0, 0.0, 0.0, 1.0, 1.0, 1.0, 0.0]
[19940826, 19950204, 0.0, 1.0, 0.0, 1.0, 1.0, 1.0, 0.0]
[19940826, 19950101, 1.0, 1.0, 0.0, 1.0, 1.0, 1.0, 0.0]
[19940829, 19950502, 0.0, 1.0, 0.0, 1.0, 0.0, 1.0, 0.0]
[19940829, 19950315, 1.0, 0.0, 0.0, 1.0, 1.0, 1.0, 0.0]
[19940829, 19950208, 0.0, 1.0, 0.0, 1.0, 1.0, 1.0, 0.0]
[19940829, 19950108, 1.0, 1.0, 0.0, 1.0, 1.0, 1.0, 0.0]
[19940830, 19950209, 0.0, 1.0, 0.0, 1.0, 1.0, 1.0, 0.0]
[19940830, 19950113, 1.0, 1.0, 0.0, 1.0, 1.0, 1.0, 0.0]
[19940901, 19950217, 0.0, 1.0, 0.0, 1.0, 1.0, 1.0, 0.0]
[19940901, 19950316, 1.0, 0.0, 0.0, 1.0, 1.0, 1.0, 0.0]
[19940901, 19950114, 0.0, 1.0, 0.0, 1.0, 1.0, 1.0, 1.0]
[19940902, 19950220, 0.0, 1.0, 0.0, 1.0, 1.0, 1.0, 0.0]
[19940902, 19950319, 1.0, 0.0, 0.0, 1.0, 1.0, 1.0, 0.0]
[19940902, 19950114, 1.0, 1.0, 0.0, 1.0, 1.0, 1.0, 0.0]
[19940906, 19950222, 0.0, 1.0, 0.0, 1.0, 1.0, 1.0, 0.0]
[19940906, 19950126, 1.0, 1.0, 0.0, 1.0, 1.0, 1.0, 0.0]
[19940907, 19950223, 0.0, 1.0, 0.0, 1.0, 1.0, 1.0, 0.0]
[19940907, 19950402, 1.0, 0.0, 0.0, 1.0, 1.0, 1.0, 0.0]
[19940907, 19950202, 1.0, 1.0, 0.0, 1.0, 1.0, 1.0, 0.0]
[19940913, 19950224, 0.0, 1.0, 0.0, 1.0, 1.0, 1.0, 0.0]
[19940913, 19950419, 1.0, 0.0, 0.0, 1.0, 1.0, 1.0, 0.0]
[19940913, 19950206, 1.0, 1.0, 0.0, 1.0, 1.0, 1.0, 0.0]
[19940914, 19950301, 0.0, 1.0, 0.0, 1.0, 1.0, 1.0, 0.0]
[19940914, 19950423, 1.0, 0.0, 0.0, 1.0, 1.0, 1.0, 0.0]
[19940915, 19950303, 0.0, 1.0, 0.0, 1.0, 1.0, 1.0, 0.0]
[19940915, 19950424, 1.0, 0.0, 0.0, 1.0, 1.0, 1.0, 0.0]
[19940920, 19950309, 0.0, 1.0, 0.0, 1.0, 1.0, 1.0, 0.0]
[19940920, 19950502, 1.0, 0.0, 0.0, 1.0, 1.0, 1.0, 0.0]
[19940920, 19950208, 1.0, 1.0, 0.0, 1.0, 1.0, 1.0, 0.0]
[19940922, 19950315, 0.0, 1.0, 0.0, 1.0, 1.0, 1.0, 0.0]
[19940922, 19950209, 1.0, 1.0, 0.0, 1.0, 1.0, 1.0, 0.0]
[19940925, 19950316, 0.0, 1.0, 0.0, 1.0, 1.0, 1.0, 0.0]
[19940925, 19950217, 1.0, 1.0, 0.0, 1.0, 1.0, 1.0, 0.0]
[19940926, 19950319, 0.0, 1.0, 0.0, 1.0, 1.0, 1.0, 0.0]
[19940926, 19950220, 1.0, 1.0, 0.0, 1.0, 1.0, 1.0, 0.0]
[19940928, 19950324, 0.0, 1.0, 0.0, 1.0, 1.0, 1.0, 0.0]
[19940928, 19950222, 1.0, 1.0, 0.0, 1.0, 1.0, 1.0, 0.0]
[19940930, 19950402, 0.0, 1.0, 0.0, 1.0, 1.0, 1.0, 0.0]
[19940930, 19950224, 1.0, 1.0, 0.0, 1.0, 1.0, 1.0, 0.0]
[19940930, 19950209, 1.0, 1.0, 0.0, 1.0, 1.0, 1.0, 1.0]
[19941002, 19950404, 0.0, 1.0, 0.0, 1.0, 1.0, 1.0, 0.0]
[19941002, 19950303, 1.0, 1.0, 0.0, 1.0, 1.0, 1.0, 0.0]
[19941004, 19950419, 0.0, 1.0, 0.0, 1.0, 1.0, 1.0, 0.0]
[19941004, 19950208, 1.0, 1.0, 1.0, 1.0, 1.0, 1.0, 0.0]
[19941006, 19950424, 0.0, 1.0, 0.0, 1.0, 1.0, 1.0, 0.0]
[19941006, 19950313, 1.0, 1.0, 0.0, 1.0, 1.0, 1.0, 0.0]
[19941006, 19950209, 1.0, 1.0, 1.0, 1.0, 1.0, 1.0, 0.0]
[19941007, 19950315, 1.0, 1.0, 0.0, 1.0, 1.0, 1.0, 0.0]
[19941008, 19950316, 1.0, 1.0, 0.0, 1.0, 1.0, 1.0, 0.0]
[19941014, 19950324, 1.0, 1.0, 0.0, 1.0, 1.0, 1.0, 0.0]
[19941014, 19950220, 1.0, 1.0, 1.0, 1.0, 1.0, 1.0, 0.0]
[19941015, 19950331, 1.0, 1.0, 0.0, 1.0, 1.0, 1.0, 0.0]
[19941020, 19950402, 1.0, 1.0, 0.0, 1.0, 1.0, 1.0, 0.0]
[19941020, 19950223, 1.0, 1.0, 1.0, 1.0, 1.0, 1.0, 0.0]
[19941022, 19950405, 1.0, 1.0, 0.0, 1.0, 1.0, 1.0, 0.0]
[19941022, 19950224, 1.0, 1.0, 1.0, 1.0, 1.0, 1.0, 0.0]
[19941026, 19950417, 1.0, 1.0, 0.0, 1.0, 1.0, 1.0, 0.0]
[19941026, 19950303, 1.0, 1.0, 1.0, 1.0, 1.0, 1.0, 0.0]
[19941028, 19950423, 1.0, 1.0, 0.0, 1.0, 1.0, 1.0, 0.0]
[19941101, 19950424, 1.0, 1.0, 0.0, 1.0, 1.0, 1.0, 0.0]
[19941103, 19950502, 1.0, 1.0, 0.0, 1.0, 1.0, 1.0, 0.0]
[19941103, 19950313, 1.0, 1.0, 1.0, 1.0, 1.0, 1.0, 0.0]
[19941104, 19950504, 1.0, 1.0, 0.0, 1.0, 1.0, 1.0, 0.0]
[19941104, 19950315, 1.0, 1.0, 1.0, 1.0, 1.0, 1.0, 0.0]
[19941107, 19950316, 1.0, 1.0, 1.0, 1.0, 1.0, 1.0, 0.0]
[19941108, 19950319, 1.0, 1.0, 1.0, 1.0, 1.0, 1.0, 0.0]
[19941111, 19950322, 1.0, 1.0, 1.0, 1.0, 1.0, 1.0, 0.0]
[19941111, 19950423, 0.0, 1.0, 1.0, 1.0, 1.0, 1.0, 0.0]
[19941114, 19950424, 0.0, 1.0, 1.0, 1.0, 1.0, 1.0, 0.0]
[19941114, 19950324, 1.0, 1.0, 1.0, 1.0, 1.0, 1.0, 0.0]
[19941116, 19950331, 1.0, 1.0, 1.0, 1.0, 1.0, 1.0, 0.0]
[19941128, 19950402, 1.0, 1.0, 1.0, 1.0, 1.0, 1.0, 0.0]
[19941129, 19950403, 1.0, 1.0, 1.0, 1.0, 1.0, 1.0, 0.0]
[19941130, 19950405, 1.0, 1.0, 1.0, 1.0, 1.0, 1.0, 0.0]
[19941201, 19950414, 1.0, 1.0, 1.0, 1.0, 1.0, 1.0, 0.0]
[19940302.0, 19950424, 0.0, 0.0, 0.0, 1.0, 0.0, 1.0, 0.0]
[19940301.0, 19950423, 0.0, 0.0, 0.0, 1.0, 0.0, 1.0, 0.0]
[19940227.0, 19950419, 0.0, 0.0, 0.0, 1.0, 0.0, 1.0, 0.0]
[19940204.0, 19950402, 0.0, 0.0, 0.0, 1.0, 0.0, 1.0, 0.0]
[19941126, 19950506, 0.0, 1.0, 1.0, 1.0, 1.0, 1.0, 0.0]
[19941111, 19950506, 1.0, 1.0, 1.0, 1.0, 0.0, 1.0, 0.0]
[19941104, 19950424, 1.0, 1.0, 1.0, 1.0, 0.0, 1.0, 0.0]
[19941101, 19950423, 1.0, 1.0, 1.0, 1.0, 0.0, 1.0, 0.0]
[19941019, 19950315, 0.0, 1.0, 1.0, 1.0, 1.0, 1.0, 0.0]
[19941019, 19950222, 1.0, 1.0, 1.0, 1.0, 1.0, 1.0, 0.0]
[19941019, 19950209, 1.0, 1.0, 1.0, 1.0, 1.0, 1.0, 1.0]
[19940928, 19950424, 1.0, 1.0, 0.0, 1.0, 0.0, 1.0, 0.0]
[19940926, 19950419, 1.0, 1.0, 0.0, 1.0, 0.0, 1.0, 0.0]
[19940925, 19950417, 1.0, 1.0, 0.0, 1.0, 0.0, 1.0, 0.0]
[19940922, 19950405, 1.0, 1.0, 0.0, 1.0, 0.0, 1.0, 0.0]
[19940920, 19950402, 1.0, 1.0, 0.0, 1.0, 0.0, 1.0, 0.0]
[19940913, 19950331, 1.0, 1.0, 0.0, 1.0, 0.0, 1.0, 0.0]
[19940907, 19950313, 1.0, 1.0, 0.0, 1.0, 0.0, 1.0, 0.0]
[19940907, 19950209, 1.0, 1.0, 0.0, 1.0, 0.0, 1.0, 1.0]
[19940902, 19950126, 0.0, 1.0, 0.0, 1.0, 1.0, 1.0, 1.0]
[19940902, 19950217, 0.0, 1.0, 1.0, 0.0, 1.0, 1.0, 0.0]
[19940902, 19950309, 1.0, 1.0, 0.0, 1.0, 0.0, 1.0, 0.0]
[19940902, 19950301, 1.0, 1.0, 1.0, 0.0, 0.0, 1.0, 0.0]
[19940901, 19950216, 0.0, 1.0, 1.0, 0.0, 1.0, 1.0, 0.0]
[19940830, 19950301, 1.0, 1.0, 0.0, 1.0, 0.0, 1.0, 0.0]
[19940829, 19950111, 0.0, 1.0, 0.0, 1.0, 1.0, 1.0, 1.0]
[19940829, 19950216, 0.0, 1.0, 1.0, 1.0, 0.0, 1.0, 0.0]
[19940829, 19950222, 1.0, 1.0, 0.0, 1.0, 0.0, 1.0, 0.0]
[19940826, 19950108, 0.0, 1.0, 0.0, 1.0, 1.0, 1.0, 1.0]
[19940826, 19950215, 0.0, 1.0, 1.0, 1.0, 0.0, 1.0, 0.0]
[19940822, 19950114, 1.0, 1.0, 0.0, 1.0, 0.0, 1.0, 1.0]
[19940822, 19950130, 0.0, 1.0, 1.0, 1.0, 0.0, 1.0, 0.0]
[19940822, 19950208, 1.0, 1.0, 0.0, 1.0, 0.0, 1.0, 0.0]
[19940820, 19950303, 1.0, 0.0, 0.0, 1.0, 1.0, 1.0, 0.0]
[19940817, 19950301, 1.0, 0.0, 0.0, 1.0, 1.0, 1.0, 0.0]
[19940816, 19950128, 0.0, 1.0, 1.0, 1.0, 0.0, 1.0, 0.0]
[19940812, 19950111, 1.0, 1.0, 0.0, 1.0, 0.0, 1.0, 1.0]
[19940812, 19950126, 0.0, 1.0, 1.0, 1.0, 0.0, 1.0, 0.0]
[19940812, 19950206, 1.0, 1.0, 0.0, 1.0, 0.0, 1.0, 0.0]
[19940809, 19950107, 1.0, 1.0, 0.0, 1.0, 0.0, 1.0, 1.0]
[19940809, 19950119, 0.0, 1.0, 1.0, 1.0, 0.0, 1.0, 0.0]
[19940809, 19950205, 1.0, 1.0, 0.0, 1.0, 0.0, 1.0, 0.0]
[19940809, 19950217, 0.0, 1.0, 0.0, 1.0, 0.0, 1.0, 1.0]
[19940805, 19950202, 0.0, 1.0, 0.0, 1.0, 0.0, 1.0, 1.0]
[19940805, 19950101, 1.0, 1.0, 0.0, 1.0, 0.0, 1.0, 1.0]
[19940730, 19950114, 0.0, 1.0, 0.0, 1.0, 0.0, 1.0, 1.0]
[19940730, 19950202, 1.0, 1.0, 0.0, 1.0, 0.0, 1.0, 0.0]
[19940729, 19950222, 1.0, 0.0, 0.0, 1.0, 1.0, 1.0, 0.0]
[19940729, 19950126, 1.0, 1.0, 0.0, 1.0, 0.0, 1.0, 0.0]
[19940722, 19950208, 1.0, 0.0, 0.0, 1.0, 1.0, 1.0, 0.0]
[19940720, 19950107, 0.0, 1.0, 0.0, 1.0, 0.0, 1.0, 1.0]
[19940719, 19950113, 1.0, 1.0, 0.0, 1.0, 0.0, 1.0, 0.0]
[19940717, 19950502, 1.0, 0.0, 0.0, 1.0, 0.0, 1.0, 0.0]
[19940717, 19950111, 1.0, 1.0, 0.0, 1.0, 0.0, 1.0, 0.0]
[19940717, 19950206, 1.0, 0.0, 0.0, 1.0, 1.0, 1.0, 0.0]
[19940716, 19950424, 1.0, 0.0, 0.0, 1.0, 0.0, 1.0, 0.0]
[19940716, 19950101, 1.0, 1.0, 0.0, 1.0, 0.0, 1.0, 0.0]
[19940716, 19950205, 1.0, 0.0, 0.0, 1.0, 1.0, 1.0, 0.0]
[19940714, 19950423, 1.0, 0.0, 0.0, 1.0, 0.0, 1.0, 0.0]
[19940714, 19950204, 1.0, 0.0, 0.0, 1.0, 1.0, 1.0, 0.0]
[19940713, 19950419, 0.0, 0.0, 0.0, 1.0, 1.0, 1.0, 0.0]
[19940713, 19950101, 0.0, 1.0, 0.0, 1.0, 0.0, 1.0, 1.0]
[19940713, 19950121, 1.0, 0.0, 0.0, 1.0, 1.0, 1.0, 0.0]
[19940701, 19950419, 1.0, 0.0, 0.0, 1.0, 0.0, 1.0, 0.0]
[19940701, 19950114, 1.0, 0.0, 0.0, 1.0, 1.0, 1.0, 0.0]
[19940616, 19950405, 1.0, 0.0, 0.0, 1.0, 0.0, 1.0, 0.0]
[19940518, 19950113, 0.0, 1.0, 1.0, 0.0, 0.0, 1.0, 0.0]
[19940510, 19950111, 0.0, 1.0, 1.0, 0.0, 0.0, 1.0, 0.0]
[19940506, 19950101, 0.0, 1.0, 1.0, 0.0, 0.0, 1.0, 0.0]
[19940505, 19950101, 0.0, 1.0, 0.0, 1.0, 0.0, 1.0, 0.0]
[19940428, 19950108, 0.0, 0.0, 0.0, 1.0, 1.0, 1.0, 0.0]
[19940413, 19940918, 0.0, 0.0, 1.0, 1.0, 0.0, 1.0, 1.0]
[19940307, 19941009, 0.0, 0.0, 1.0, 0.0, 0.0, 1.0, 1.0]

10

[19940304.0, 19950502, 0.0, 0.0, 0.0, 1.0, 0.0, 1.0, 0.0]
[19940426.0, 19950101, 0.0, 0.0, 0.0, 1.0, 1.0, 1.0, 0.0]
[19940506.0, 19950111, 0.0, 1.0, 0.0, 1.0, 0.0, 1.0, 0.0]
[19940510.0, 19950113, 0.0, 1.0, 0.0, 1.0, 0.0, 1.0, 0.0]
[19940515.0, 19950114, 0.0, 1.0, 0.0, 1.0, 0.0, 1.0, 0.0]
[19940518.0, 19950126, 0.0, 1.0, 0.0, 1.0, 0.0, 1.0, 0.0]
[19940527.0, 19950202, 0.0, 1.0, 0.0, 1.0, 0.0, 1.0, 0.0]
[19940527.0, 19950114, 0.0, 1.0, 1.0, 0.0, 0.0, 1.0, 0.0]
[19940604.0, 19950208, 0.0, 1.0, 0.0, 1.0, 0.0, 1.0, 0.0]
[19940610.0, 19950222, 0.0, 1.0, 0.0, 1.0, 0.0, 1.0, 0.0]
[19940611.0, 19950224, 0.0, 1.0, 0.0, 1.0, 0.0, 1.0, 0.0]
[19940614.0, 19950301, 0.0, 1.0, 0.0, 1.0, 0.0, 1.0, 0.0]
[19940617.0, 19950309, 0.0, 1.0, 0.0, 1.0, 0.0, 1.0, 0.0]
[19940720.0, 19950315, 0.0, 1.0, 0.0, 1.0, 0.0, 1.0, 0.0]
[19940720.0, 19950423, 0.0, 0.0, 0.0, 1.0, 1.0, 1.0, 0.0]
[19940721.0, 19950424, 0.0, 0.0, 0.0, 1.0, 1.0, 1.0, 0.0]
[19940722.0, 19950502, 0.0, 0.0, 0.0, 1.0, 1.0, 1.0, 0.0]
[19940722.0, 19950316, 0.0, 1.0, 0.0, 1.0, 0.0, 1.0, 0.0]
[19940722.0, 19950114, 1.0, 1.0, 0.0, 1.0, 0.0, 1.0, 0.0]
[19940722.0, 19950111, 0.0, 1.0, 0.0, 1.0, 0.0, 1.0, 1.0]
[19940722.0, 19950101, 0.0, 1.0, 0.0, 1.0, 1.0, 1.0, 0.0]
[19940730.0, 19950402, 0.0, 1.0, 0.0, 1.0, 0.0, 1.0, 0.0]
[19940730.0, 19950223, 1.0, 0.0, 0.0, 1.0, 1.0, 1.0, 0.0]
[19940730.0, 19950113, 0.0, 1.0, 0.0, 1.0, 1.0, 1.0, 0.0]
[19941018.0, 19950315, 0.0, 1.0, 1.0, 1.0, 1.0, 1.0, 0.0]
[19941003.0, 19950208, 1.0, 1.0, 1.0, 1.0, 1.0, 1.0, 0.0]
[19941001.0, 19950404, 0.0, 1.0, 0.0, 1.0, 1.0, 1.0, 0.0]
[19941001.0, 19950301, 1.0, 1.0, 0.0, 1.0, 1.0, 1.0, 0.0]
[19941001.0, 19950209, 1.0, 1.0, 0.0, 1.0, 1.0, 1.0, 1.0]
[19940302.0, 19950424, 0.0, 0.0, 0.0, 1.0, 0.0, 1.0, 0.0]
[19940301.0, 19950423, 0.0, 0.0, 0.0, 1.0, 0.0, 1.0, 0.0]
[19940227.0, 19950419, 0.0, 0.0, 0.0, 1.0, 0.0, 1.0, 0.0]
[19940204.0, 19950402, 0.0, 0.0, 0.0, 1.0, 0.0, 1.0, 0.0]
[19941001.0, 19950504, 1.0, 1.0, 0.0, 1.0, 0.0, 1.0, 0.0]
[19941029.0, 19950423, 1.0, 1.0, 1.0, 1.0, 0.0, 1.0, 0.0]
[19940930.0, 19950402, 0.0, 1.0, 0.0, 1.0, 1.0, 1.0, 0.0]
[19940930.0, 19950224, 1.0, 1.0, 0.0, 1.0, 1.0, 1.0, 0.0]
[19940929.0, 19950223, 1.0, 1.0, 0.0, 1.0, 1.0, 1.0, 0.0]
[19940929.0, 19950208, 1.0, 1.0, 0.0, 1.0, 1.0, 1.0, 1.0]
[19940928.0, 19950324, 0.0, 1.0, 0.0, 1.0, 1.0, 1.0, 0.0]
[19940928.0, 19950222, 1.0, 1.0, 0.0, 1.0, 1.0, 1.0, 0.0]
[19940928.0, 19950424, 1.0, 1.0, 0.0, 1.0, 0.0, 1.0, 0.0]
[19940927.0, 19950423, 1.0, 1.0, 0.0, 1.0, 0.0, 1.0, 0.0]
[19940926.0, 19950319, 0.0, 1.0, 0.0, 1.0, 1.0, 1.0, 0.0]
[19940926.0, 19950220, 1.0, 1.0, 0.0, 1.0, 1.0, 1.0, 0.0]
[19940926.0, 19950419, 1.0, 1.0, 0.0, 1.0, 0.0, 1.0, 0.0]
[19940925.0, 19950316, 0.0, 1.0, 0.0, 1.0, 1.0, 1.0, 0.0]
[19940925.0, 19950217, 1.0, 1.0, 0.0, 1.0, 1.0, 1.0, 0.0]
[19940925.0, 19950417, 1.0, 1.0, 0.0, 1.0, 0.0, 1.0, 0.0]
[19940922.0, 19950315, 0.0, 1.0, 0.0, 1.0, 1.0, 1.0, 0.0]
[19940922.0, 19950209, 1.0, 1.0, 0.0, 1.0, 1.0, 1.0, 0.0]
[19940922.0, 19950405, 1.0, 1.0, 0.0, 1.0, 0.0, 1.0, 0.0]
[19940920.0, 19950309, 0.0, 1.0, 0.0, 1.0, 1.0, 1.0, 0.0]
[19940920.0, 19950502, 1.0, 0.0, 0.0, 1.0, 1.0, 1.0, 0.0]
[19940920.0, 19950208, 1.0, 1.0, 0.0, 1.0, 1.0, 1.0, 0.0]
[19940920.0, 19950402, 1.0, 1.0, 0.0, 1.0, 0.0, 1.0, 0.0]
[19940915.0, 19950303, 0.0, 1.0, 0.0, 1.0, 1.0, 1.0, 0.0]
[19940915.0, 19950424, 1.0, 0.0, 0.0, 1.0, 1.0, 1.0, 0.0]
[19940914.0, 19950301, 0.0, 1.0, 0.0, 1.0, 1.0, 1.0, 0.0]
[19940914.0, 19950423, 1.0, 0.0, 0.0, 1.0, 1.0, 1.0, 0.0]
[19940913.0, 19950224, 0.0, 1.0, 0.0, 1.0, 1.0, 1.0, 0.0]
[19940913.0, 19950419, 1.0, 0.0, 0.0, 1.0, 1.0, 1.0, 0.0]
[19940913.0, 19950206, 1.0, 1.0, 0.0, 1.0, 1.0, 1.0, 0.0]
[19940913.0, 19950331, 1.0, 1.0, 0.0, 1.0, 0.0, 1.0, 0.0]
[19940911.0, 19950405, 1.0, 0.0, 0.0, 1.0, 1.0, 1.0, 0.0]
[19940911.0, 19950204, 1.0, 1.0, 0.0, 1.0, 1.0, 1.0, 0.0]
[19940911.0, 19950315, 1.0, 1.0, 0.0, 1.0, 0.0, 1.0, 0.0]
[19940907.0, 19950223, 0.0, 1.0, 0.0, 1.0, 1.0, 1.0, 0.0]
[19940907.0, 19950402, 1.0, 0.0, 0.0, 1.0, 1.0, 1.0, 0.0]
[19940907.0, 19950202, 1.0, 1.0, 0.0, 1.0, 1.0, 1.0, 0.0]
[19940907.0, 19950313, 1.0, 1.0, 0.0, 1.0, 0.0, 1.0, 0.0]
[19940907.0, 19950209, 1.0, 1.0, 0.0, 1.0, 0.0, 1.0, 1.0]
[19940906.0, 19950222, 0.0, 1.0, 0.0, 1.0, 1.0, 1.0, 0.0]
[19940906.0, 19950126, 1.0, 1.0, 0.0, 1.0, 1.0, 1.0, 0.0]
[19940905.0, 19950324, 1.0, 0.0, 0.0, 1.0, 1.0, 1.0, 0.0]
[19940905.0, 19950114, 1.0, 1.0, 0.0, 1.0, 1.0, 1.0, 0.0]
[19940905.0, 19950101, 1.0, 1.0, 0.0, 1.0, 1.0, 1.0, 1.0]
[19940905.0, 19950302, 1.0, 1.0, 1.0, 0.0, 0.0, 1.0, 0.0]
[19940905.0, 19950208, 1.0, 1.0, 0.0, 1.0, 0.0, 1.0, 1.0]
[19940905.0, 19950302, 1.0, 1.0, 1.0, 1.0, 0.0, 0.0, 0.0]
[19940902.0, 19950220, 0.0, 1.0, 0.0, 1.0, 1.0, 1.0, 0.0]
[19940902.0, 19950319, 1.0, 0.0, 0.0, 1.0, 1.0, 1.0, 0.0]
[19940902.0, 19950217, 0.0, 1.0, 1.0, 0.0, 1.0, 1.0, 0.0]
[19940902.0, 19950126, 0.0, 1.0, 0.0, 1.0, 1.0, 1.0, 1.0]
[19940902.0, 19950309, 1.0, 1.0, 0.0, 1.0, 0.0, 1.0, 0.0]
[19940902.0, 19950301, 1.0, 1.0, 1.0, 0.0, 0.0, 1.0, 0.0]
[19940901.0, 19950217, 0.0, 1.0, 0.0, 1.0, 1.0, 1.0, 0.0]
[19940901.0, 19950316, 1.0, 0.0, 0.0, 1.0, 1.0, 1.0, 0.0]
[19940901.0, 19950114, 0.0, 1.0, 0.0, 1.0, 1.0, 1.0, 1.0]
[19940901.0, 19950216, 0.0, 1.0, 1.0, 0.0, 1.0, 1.0, 0.0]
[19940830.0, 19950209, 0.0, 1.0, 0.0, 1.0, 1.0, 1.0, 0.0]
[19940830.0, 19950113, 1.0, 1.0, 0.0, 1.0, 1.0, 1.0, 0.0]
[19940830.0, 19950301, 1.0, 1.0, 0.0, 1.0, 0.0, 1.0, 0.0]
[19940829.0, 19950502, 0.0, 1.0, 0.0, 1.0, 0.0, 1.0, 0.0]
[19940829.0, 19950315, 1.0, 0.0, 0.0, 1.0, 1.0, 1.0, 0.0]
[19940829.0, 19950208, 0.0, 1.0, 0.0, 1.0, 1.0, 1.0, 0.0]
[19940829.0, 19950108, 1.0, 1.0, 0.0, 1.0, 1.0, 1.0, 0.0]
[19940829.0, 19950111, 0.0, 1.0, 0.0, 1.0, 1.0, 1.0, 1.0]
[19940829.0, 19950216, 0.0, 1.0, 1.0, 1.0, 0.0, 1.0, 0.0]
[19940829.0, 19950222, 1.0, 1.0, 0.0, 1.0, 0.0, 1.0, 0.0]
[19940826.0, 19950424, 0.0, 1.0, 0.0, 1.0, 0.0, 1.0, 0.0]
[19940826.0, 19950313, 1.0, 0.0, 0.0, 1.0, 1.0, 1.0, 0.0]
[19940826.0, 19950204, 0.0, 1.0, 0.0, 1.0, 1.0, 1.0, 0.0]
[19940826.0, 19950101, 1.0, 1.0, 0.0, 1.0, 1.0, 1.0, 0.0]
[19940826.0, 19950108, 0.0, 1.0, 0.0, 1.0, 1.0, 1.0, 1.0]
[19940826.0, 19950215, 0.0, 1.0, 1.0, 1.0, 0.0, 1.0, 0.0]
[19940824.0, 19950107, 0.0, 1.0, 0.0, 1.0, 1.0, 1.0, 1.0]
[19940824.0, 19950126, 1.0, 1.0, 0.0, 1.0, 0.0, 1.0, 1.0]
[19940822.0, 19950419, 0.0, 1.0, 0.0, 1.0, 0.0, 1.0, 0.0]
[19940822.0, 19950126, 0.0, 1.0, 0.0, 1.0, 1.0, 1.0, 0.0]
[19940822.0, 19950101, 0.0, 1.0, 0.0, 1.0, 1.0, 1.0, 1.0]
[19940822.0, 19950114, 1.0, 1.0, 0.0, 1.0, 0.0, 1.0, 1.0]
[19940822.0, 19950130, 0.0, 1.0, 1.0, 1.0, 0.0, 1.0, 0.0]
[19940822.0, 19950208, 1.0, 1.0, 0.0, 1.0, 0.0, 1.0, 0.0]
[19940820.0, 19950303, 1.0, 0.0, 0.0, 1.0, 1.0, 1.0, 0.0]
[19940817.0, 19950301, 1.0, 0.0, 0.0, 1.0, 1.0, 1.0, 0.0]
[19940816.0, 19950128, 0.0, 1.0, 1.0, 1.0, 0.0, 1.0, 0.0]
[19940814.0, 19950113, 1.0, 1.0, 0.0, 1.0, 0.0, 1.0, 1.0]
[19940812.0, 19950417, 0.0, 1.0, 0.0, 1.0, 0.0, 1.0, 0.0]
[19940812.0, 19950114, 0.0, 1.0, 0.0, 1.0, 1.0, 1.0, 0.0]
[19940812.0, 19950111, 1.0, 1.0, 0.0, 1.0, 0.0, 1.0, 1.0]
[19940812.0, 19950126, 0.0, 1.0, 1.0, 1.0, 0.0, 1.0, 0.0]
[19940812.0, 19950206, 1.0, 1.0, 0.0, 1.0, 0.0, 1.0, 0.0]
[19940809.0, 19950404, 0.0, 1.0, 0.0, 1.0, 0.0, 1.0, 0.0]
[19940809.0, 19950224, 1.0, 0.0, 0.0, 1.0, 1.0, 1.0, 0.0]
[19940809.0, 19950217, 0.0, 1.0, 0.0, 1.0, 0.0, 1.0, 1.0]
[19940809.0, 19950205, 1.0, 1.0, 0.0, 1.0, 0.0, 1.0, 0.0]
[19940809.0, 19950119, 0.0, 1.0, 1.0, 1.0, 0.0, 1.0, 0.0]
[19940809.0, 19950107, 1.0, 1.0, 0.0, 1.0, 0.0, 1.0, 1.0]
[19940805.0, 19950202, 0.0, 1.0, 0.0, 1.0, 0.0, 1.0, 1.0]
[19940805.0, 19950101, 1.0, 1.0, 0.0, 1.0, 0.0, 1.0, 1.0]
[19940803.0, 19950126, 0.0, 1.0, 0.0, 1.0, 0.0, 1.0, 1.0]
[19940730.0, 19950114, 0.0, 1.0, 0.0, 1.0, 0.0, 1.0, 1.0]
[19940730.0, 19950202, 1.0, 1.0, 0.0, 1.0, 0.0, 1.0, 0.0]
[19940729.0, 19950222, 1.0, 0.0, 0.0, 1.0, 1.0, 1.0, 0.0]
[19940729.0, 19950126, 1.0, 1.0, 0.0, 1.0, 0.0, 1.0, 0.0]
[19940722.0, 19950208, 1.0, 0.0, 0.0, 1.0, 1.0, 1.0, 0.0]
[19940720.0, 19950107, 0.0, 1.0, 0.0, 1.0, 0.0, 1.0, 1.0]
[19940719.0, 19950113, 1.0, 1.0, 0.0, 1.0, 0.0, 1.0, 0.0]
[19940717.0, 19950502, 1.0, 0.0, 0.0, 1.0, 0.0, 1.0, 0.0]
[19940717.0, 19950111, 1.0, 1.0, 0.0, 1.0, 0.0, 1.0, 0.0]
[19940717.0, 19950206, 1.0, 0.0, 0.0, 1.0, 1.0, 1.0, 0.0]
[19940716.0, 19950424, 1.0, 0.0, 0.0, 1.0, 0.0, 1.0, 0.0]
[19940716.0, 19950101, 1.0, 1.0, 0.0, 1.0, 0.0, 1.0, 0.0]
[19940716.0, 19950205, 1.0, 0.0, 0.0, 1.0, 1.0, 1.0, 0.0]
[19940714.0, 19950423, 1.0, 0.0, 0.0, 1.0, 0.0, 1.0, 0.0]
[19940714.0, 19950204, 1.0, 0.0, 0.0, 1.0, 1.0, 1.0, 0.0]
[19940713.0, 19950419, 0.0, 0.0, 0.0, 1.0, 1.0, 1.0, 0.0]
[19940713.0, 19950101, 0.0, 1.0, 0.0, 1.0, 0.0, 1.0, 1.0]
[19940713.0, 19950121, 1.0, 0.0, 0.0, 1.0, 1.0, 1.0, 0.0]
[19940701.0, 19950419, 1.0, 0.0, 0.0, 1.0, 0.0, 1.0, 0.0]
[19940701.0, 19950114, 1.0, 0.0, 0.0, 1.0, 1.0, 1.0, 0.0]
[19940616.0, 19950405, 1.0, 0.0, 0.0, 1.0, 0.0, 1.0, 0.0]
[19940518.0, 19950113, 0.0, 1.0, 1.0, 0.0, 0.0, 1.0, 0.0]
[19940510.0, 19950111, 0.0, 1.0, 1.0, 0.0, 0.0, 1.0, 0.0]
[19940506.0, 19950101, 0.0, 1.0, 1.0, 0.0, 0.0, 1.0, 0.0]
[19940505.0, 19950101, 0.0, 1.0, 0.0, 1.0, 0.0, 1.0, 0.0]
[19940428.0, 19950108, 0.0, 0.0, 0.0, 1.0, 1.0, 1.0, 0.0]
[19940413.0, 19940918, 0.0, 0.0, 1.0, 1.0, 0.0, 1.0, 1.0]
[19940307.0, 19941009, 0.0, 0.0, 1.0, 0.0, 0.0, 1.0, 1.0]

9

[19940304, 19950502, 0.0, 0.0, 0.0, 1.0, 0.0, 1.0, 0.0]
[19940426, 19950101, 0.0, 0.0, 0.0, 1.0, 1.0, 1.0, 0.0]
[19940506, 19950111, 0.0, 1.0, 0.0, 1.0, 0.0, 1.0, 0.0]
[19940510, 19950113, 0.0, 1.0, 0.0, 1.0, 0.0, 1.0, 0.0]
[19940515, 19950114, 0.0, 1.0, 0.0, 1.0, 0.0, 1.0, 0.0]
[19940518, 19950126, 0.0, 1.0, 0.0, 1.0, 0.0, 1.0, 0.0]
[19940527, 19950202, 0.0, 1.0, 0.0, 1.0, 0.0, 1.0, 0.0]
[19940527, 19950114, 0.0, 1.0, 1.0, 0.0, 0.0, 1.0, 0.0]
[19940801, 19950224, 1.0, 0.0, 0.0, 1.0, 1.0, 1.0, 0.0]
[19940801, 19950404, 0.0, 1.0, 0.0, 1.0, 0.0, 1.0, 0.0]
[19940801, 19950205, 1.0, 1.0, 0.0, 1.0, 0.0, 1.0, 0.0]
[19940801, 19950126, 0.0, 1.0, 0.0, 1.0, 0.0, 1.0, 1.0]
[19940801, 19950114, 0.0, 1.0, 0.0, 1.0, 1.0, 1.0, 0.0]
[19940801, 19950101, 1.0, 1.0, 0.0, 1.0, 1.0, 1.0, 0.0]
[19940801, 19950101, 0.0, 1.0, 0.0, 1.0, 1.0, 1.0, 1.0]
[19940302.0, 19950424, 0.0, 0.0, 0.0, 1.0, 0.0, 1.0, 0.0]
[19940301.0, 19950423, 0.0, 0.0, 0.0, 1.0, 0.0, 1.0, 0.0]
[19940227.0, 19950419, 0.0, 0.0, 0.0, 1.0, 0.0, 1.0, 0.0]
[19940204.0, 19950402, 0.0, 0.0, 0.0, 1.0, 0.0, 1.0, 0.0]
[19940801, 19950101, 1.0, 1.0, 0.0, 1.0, 0.0, 1.0, 1.0]
[19940806, 19950119, 0.0, 1.0, 1.0, 1.0, 0.0, 1.0, 0.0]
[19940730, 19950402, 0.0, 1.0, 0.0, 1.0, 0.0, 1.0, 0.0]
[19940730, 19950223, 1.0, 0.0, 0.0, 1.0, 1.0, 1.0, 0.0]
[19940730, 19950113, 0.0, 1.0, 0.0, 1.0, 1.0, 1.0, 0.0]
[19940730, 19950114, 0.0, 1.0, 0.0, 1.0, 0.0, 1.0, 1.0]
[19940730, 19950202, 1.0, 1.0, 0.0, 1.0, 0.0, 1.0, 0.0]
[19940729, 19950222, 1.0, 0.0, 0.0, 1.0, 1.0, 1.0, 0.0]
[19940729, 19950126, 1.0, 1.0, 0.0, 1.0, 0.0, 1.0, 0.0]
[19940723, 19950111, 0.0, 1.0, 0.0, 1.0, 1.0, 1.0, 0.0]
[19940723, 19950113, 0.0, 1.0, 0.0, 1.0, 0.0, 1.0, 1.0]
[19940723, 19950121, 1.0, 1.0, 0.0, 1.0, 0.0, 1.0, 0.0]
[19940722, 19950502, 0.0, 0.0, 0.0, 1.0, 1.0, 1.0, 0.0]
[19940722, 19950316, 0.0, 1.0, 0.0, 1.0, 0.0, 1.0, 0.0]
[19940722, 19950114, 1.0, 1.0, 0.0, 1.0, 0.0, 1.0, 0.0]
[19940722, 19950111, 0.0, 1.0, 0.0, 1.0, 0.0, 1.0, 1.0]
[19940722, 19950101, 0.0, 1.0, 0.0, 1.0, 1.0, 1.0, 0.0]
[19940722, 19950208, 1.0, 0.0, 0.0, 1.0, 1.0, 1.0, 0.0]
[19940721, 19950424, 0.0, 0.0, 0.0, 1.0, 1.0, 1.0, 0.0]
[19940720, 19950423, 0.0, 0.0, 0.0, 1.0, 1.0, 1.0, 0.0]
[19940720, 19950315, 0.0, 1.0, 0.0, 1.0, 0.0, 1.0, 0.0]
[19940720, 19950107, 0.0, 1.0, 0.0, 1.0, 0.0, 1.0, 1.0]
[19940719, 19950113, 1.0, 1.0, 0.0, 1.0, 0.0, 1.0, 0.0]
[19940717, 19950502, 1.0, 0.0, 0.0, 1.0, 0.0, 1.0, 0.0]
[19940717, 19950111, 1.0, 1.0, 0.0, 1.0, 0.0, 1.0, 0.0]
[19940717, 19950206, 1.0, 0.0, 0.0, 1.0, 1.0, 1.0, 0.0]
[19940716, 19950424, 1.0, 0.0, 0.0, 1.0, 0.0, 1.0, 0.0]
[19940716, 19950101, 1.0, 1.0, 0.0, 1.0, 0.0, 1.0, 0.0]
[19940716, 19950205, 1.0, 0.0, 0.0, 1.0, 1.0, 1.0, 0.0]
[19940714, 19950423, 1.0, 0.0, 0.0, 1.0, 0.0, 1.0, 0.0]
[19940714, 19950204, 1.0, 0.0, 0.0, 1.0, 1.0, 1.0, 0.0]
[19940713, 19950419, 0.0, 0.0, 0.0, 1.0, 1.0, 1.0, 0.0]
[19940713, 19950101, 0.0, 1.0, 0.0, 1.0, 0.0, 1.0, 1.0]
[19940713, 19950121, 1.0, 0.0, 0.0, 1.0, 1.0, 1.0, 0.0]
[19940701, 19950419, 1.0, 0.0, 0.0, 1.0, 0.0, 1.0, 0.0]
[19940701, 19950114, 1.0, 0.0, 0.0, 1.0, 1.0, 1.0, 0.0]
[19940617, 19950309, 0.0, 1.0, 0.0, 1.0, 0.0, 1.0, 0.0]
[19940616, 19950405, 1.0, 0.0, 0.0, 1.0, 0.0, 1.0, 0.0]
[19940614, 19950301, 0.0, 1.0, 0.0, 1.0, 0.0, 1.0, 0.0]
[19940611, 19950224, 0.0, 1.0, 0.0, 1.0, 0.0, 1.0, 0.0]
[19940610, 19950222, 0.0, 1.0, 0.0, 1.0, 0.0, 1.0, 0.0]
[19940604, 19950208, 0.0, 1.0, 0.0, 1.0, 0.0, 1.0, 0.0]
[19940518, 19950113, 0.0, 1.0, 1.0, 0.0, 0.0, 1.0, 0.0]
[19940510, 19950111, 0.0, 1.0, 1.0, 0.0, 0.0, 1.0, 0.0]
[19940506, 19950101, 0.0, 1.0, 1.0, 0.0, 0.0, 1.0, 0.0]
[19940505, 19950101, 0.0, 1.0, 0.0, 1.0, 0.0, 1.0, 0.0]
[19940428, 19950108, 0.0, 0.0, 0.0, 1.0, 1.0, 1.0, 0.0]
[19940413, 19940918, 0.0, 0.0, 1.0, 1.0, 0.0, 1.0, 1.0]
[19940307, 19941009, 0.0, 0.0, 1.0, 0.0, 0.0, 1.0, 1.0]

8

[19940304, 19950502, 0.0, 0.0, 0.0, 1.0, 0.0, 1.0, 0.0]
[19940426, 19950101, 0.0, 0.0, 0.0, 1.0, 1.0, 1.0, 0.0]
[19940506, 19950111, 0.0, 1.0, 0.0, 1.0, 0.0, 1.0, 0.0]
[19940510, 19950113, 0.0, 1.0, 0.0, 1.0, 0.0, 1.0, 0.0]
[19940515, 19950114, 0.0, 1.0, 0.0, 1.0, 0.0, 1.0, 0.0]
[19940518, 19950126, 0.0, 1.0, 0.0, 1.0, 0.0, 1.0, 0.0]
[19940527, 19950202, 0.0, 1.0, 0.0, 1.0, 0.0, 1.0, 0.0]
[19940527, 19950114, 0.0, 1.0, 1.0, 0.0, 0.0, 1.0, 0.0]
[19940623, 19950419, 0.0, 0.0, 0.0, 1.0, 1.0, 1.0, 0.0]
[19940623, 19950114, 1.0, 0.0, 0.0, 1.0, 1.0, 1.0, 0.0]
[19940612, 19950101, 0.0, 1.0, 0.0, 1.0, 1.0, 1.0, 0.0]
[19940601, 19941005, 0.0, 0.0, 1.0, 1.0, 1.0, 1.0, 1.0]
[19940601, 19950224, 1.0, 0.0, 0.0, 0.0, 1.0, 1.0, 0.0]
[19940601, 19950208, 0.0, 1.0, 0.0, 1.0, 0.0, 1.0, 0.0]
[19940601, 19950204, 0.0, 1.0, 0.0, 0.0, 1.0, 1.0, 0.0]
[19940601, 19950119, 0.0, 1.0, 1.0, 0.0, 0.0, 1.0, 0.0]
[19940601, 19950101, 1.0, 1.0, 0.0, 0.0, 1.0, 1.0, 0.0]
[19940302.0, 19950424, 0.0, 0.0, 0.0, 1.0, 0.0, 1.0, 0.0]
[19940301.0, 19950423, 0.0, 0.0, 0.0, 1.0, 0.0, 1.0, 0.0]
[19940227.0, 19950419, 0.0, 0.0, 0.0, 1.0, 0.0, 1.0, 0.0]
[19940204.0, 19950402, 0.0, 0.0, 0.0, 1.0, 0.0, 1.0, 0.0]
[19940601, 19950205, 1.0, 1.0, 0.0, 0.0, 0.0, 1.0, 0.0]
[19940605, 19950209, 1.0, 0.0, 1.0, 0.0, 1.0, 0.0, 0.0]
[19940605, 19950101, 0.0, 1.0, 0.0, 0.0, 1.0, 1.0, 1.0]
[19940607, 19941205, 1.0, 0.0, 0.0, 1.0, 1.0, 1.0, 0.0]
[19940607, 19950303, 1.0, 0.0, 0.0, 1.0, 1.0, 0.0, 0.0]
[19940616, 19950405, 1.0, 0.0, 0.0, 1.0, 0.0, 1.0, 0.0]
[19940616, 19950101, 1.0, 1.0, 0.0, 1.0, 0.0, 1.0, 0.0]
[19940518, 19950113, 0.0, 1.0, 1.0, 0.0, 0.0, 1.0, 0.0]
[19940510, 19950111, 0.0, 1.0, 1.0, 0.0, 0.0, 1.0, 0.0]
[19940506, 19950101, 0.0, 1.0, 1.0, 0.0, 0.0, 1.0, 0.0]
[19940505, 19950101, 0.0, 1.0, 0.0, 1.0, 0.0, 1.0, 0.0]
[19940428, 19950108, 0.0, 0.0, 0.0, 1.0, 1.0, 1.0, 0.0]
[19940413, 19940918, 0.0, 0.0, 1.0, 1.0, 0.0, 1.0, 1.0]
[19940307, 19941009, 0.0, 0.0, 1.0, 0.0, 0.0, 1.0, 1.0]

7

[19940304.0, 19950502, 0.0, 0.0, 0.0, 1.0, 0.0, 1.0, 0.0]
[19940401.0, 19940918, 0.0, 0.0, 1.0, 1.0, 0.0, 1.0, 1.0]
[19940401.0, 19941227, 0.0, 1.0, 0.0, 1.0, 0.0, 1.0, 0.0]
[19940401.0, 19950313, 0.0, 1.0, 0.0, 0.0, 0.0, 1.0, 0.0]
[19940401.0, 19950101, 0.0, 1.0, 0.0, 0.0, 0.0, 1.0, 1.0]
[19940401.0, 19950101, 0.0, 0.0, 0.0, 0.0, 1.0, 1.0, 1.0]
[19940302.0, 19950424, 0.0, 0.0, 0.0, 1.0, 0.0, 1.0, 0.0]
[19940301.0, 19950423, 0.0, 0.0, 0.0, 1.0, 0.0, 1.0, 0.0]
[19940227.0, 19950419, 0.0, 0.0, 0.0, 1.0, 0.0, 1.0, 0.0]
[19940204.0, 19950402, 0.0, 0.0, 0.0, 1.0, 0.0, 1.0, 0.0]
[19940219.0, 19950405, 1.0, 0.0, 0.0, 0.0, 0.0, 1.0, 0.0]
[19940401.0, 19941211, 0.0, 0.0, 0.0, 1.0, 1.0, 1.0, 0.0]
[19940401.0, 19950417, 0.0, 0.0, 0.0, 0.0, 1.0, 1.0, 0.0]
[19940401.0, 19950101, 0.0, 1.0, 0.0, 0.0, 1.0, 1.0, 0.0]
[19940407.0, 19950101, 0.0, 1.0, 0.0, 1.0, 0.0, 1.0, 0.0]
[19940412.0, 19950101, 1.0, 0.0, 0.0, 0.0, 1.0, 1.0, 0.0]
[19940420.0, 19950101, 0.0, 0.0, 0.0, 1.0, 1.0, 1.0, 0.0]
[19940307.0, 19941009, 0.0, 0.0, 1.0, 0.0, 0.0, 1.0, 1.0]

6

[19940204, 19950402, 0.0, 0.0, 0.0, 1.0, 0.0, 1.0, 0.0]
[19940201, 19941005, 0.0, 0.0, 0.0, 1.0, 0.0, 1.0, 1.0]
[19940201, 19940929, 0.0, 0.0, 0.0, 1.0, 1.0, 1.0, 0.0]
[19940201, 19941014, 0.0, 1.0, 0.0, 1.0, 0.0, 1.0, 0.0]
[19940201, 19950126, 0.0, 1.0, 0.0, 0.0, 0.0, 1.0, 0.0]
[19940201, 19950224, 0.0, 0.0, 0.0, 0.0, 1.0, 1.0, 0.0]
[19940112.0, 19950223, 0.0, 0.0, 0.0, 0.0, 1.0, 1.0, 0.0]
[19940119.0, 19950202, 0.0, 1.0, 0.0, 1.0, 0.0, 0.0, 0.0]
[19940420.0, 19950101, 0.0, 0.0, 0.0, 1.0, 1.0, 1.0, 0.0]
[19940407.0, 19950101, 0.0, 1.0, 0.0, 1.0, 0.0, 1.0, 0.0]
[19940109.0, 19950101, 0.0, 1.0, 0.0, 1.0, 0.0, 0.0, 0.0]
[19940322.0, 19950101, 0.0, 0.0, 0.0, 0.0, 1.0, 1.0, 1.0]
[19940112.0, 19950101, 0.0, 1.0, 0.0, 0.0, 0.0, 1.0, 0.0]
[19940212.0, 19950101, 0.0, 1.0, 0.0, 0.0, 1.0, 1.0, 0.0]
[19940412.0, 19950101, 1.0, 0.0, 0.0, 0.0, 1.0, 1.0, 0.0]
[19940119.0, 19950113, 0.0, 1.0, 0.0, 0.0, 0.0, 1.0, 0.0]
[19940116.0, 19950113, 0.0, 1.0, 0.0, 1.0, 0.0, 0.0, 0.0]
[19940126.0, 19950114, 0.0, 1.0, 0.0, 0.0, 0.0, 1.0, 0.0]
[19940118.0, 19950126, 0.0, 1.0, 0.0, 1.0, 0.0, 0.0, 0.0]
[19940120.0, 19950208, 0.0, 1.0, 0.0, 1.0, 0.0, 0.0, 0.0]
[19940124.0, 19950217, 0.0, 1.0, 0.0, 1.0, 0.0, 0.0, 0.0]
[19940201, 19950222, 0.0, 1.0, 0.0, 1.0, 0.0, 0.0, 0.0]

5

[19940204.0, 19950402, 0.0, 0.0, 0.0, 1.0, 0.0, 1.0, 0.0]
[19940127.0, 19941005, 0.0, 0.0, 0.0, 1.0, 0.0, 1.0, 1.0]
[19940127.0, 19940929, 0.0, 0.0, 0.0, 1.0, 1.0, 1.0, 0.0]
[19940127.0, 19941014, 0.0, 1.0, 0.0, 1.0, 0.0, 1.0, 0.0]
[19940120.0, 19940929, 0.0, 0.0, 0.0, 1.0, 0.0, 1.0, 1.0]
[19940120.0, 19941006, 0.0, 1.0, 0.0, 1.0, 0.0, 1.0, 0.0]
[19940119.0, 19940918, 0.0, 0.0, 0.0, 1.0, 0.0, 1.0, 1.0]
[19940119.0, 19940929, 0.0, 1.0, 0.0, 1.0, 0.0, 1.0, 0.0]
[19940105.0, 19940915, 0.0, 0.0, 0.0, 1.0, 0.0, 1.0, 1.0]
[19940104.0, 19940909, 0.0, 0.0, 0.0, 1.0, 0.0, 1.0, 1.0]
[19940104.0, 19940909, 0.0, 0.0, 1.0, 1.0, 0.0, 1.0, 0.0]
[19940104.0, 19940909, 0.0, 1.0, 0.0, 1.0, 0.0, 1.0, 0.0]
[19931214.0, 19940830, 0.0, 0.0, 0.0, 1.0, 0.0, 1.0, 1.0]
[19931214.0, 19940902, 0.0, 0.0, 1.0, 1.0, 0.0, 0.0, 1.0]
[19931202.0, 19940902, 0.0, 0.0, 0.0, 0.0, 1.0, 1.0, 1.0]
[19931201.0, 19940830, 0.0, 0.0, 0.0, 0.0, 1.0, 1.0, 1.0]
[19931201.0, 19940524, 0.0, 0.0, 1.0, 1.0, 0.0, 1.0, 1.0]
[19931201.0, 19940606, 0.0, 1.0, 0.0, 1.0, 0.0, 1.0, 1.0]
[19931201.0, 19940830, 0.0, 0.0, 1.0, 1.0, 0.0, 0.0, 1.0]
[19940420.0, 19950101, 0.0, 0.0, 0.0, 1.0, 1.0, 1.0, 0.0]
[19940407.0, 19950101, 0.0, 1.0, 0.0, 1.0, 0.0, 1.0, 0.0]
[19940322.0, 19950101, 0.0, 0.0, 0.0, 0.0, 1.0, 1.0, 1.0]
[19940412.0, 19950101, 1.0, 0.0, 0.0, 0.0, 1.0, 1.0, 0.0]
[19931201.0, 19941227, 0.0, 1.0, 0.0, 1.0, 0.0, 0.0, 0.0]
[19931201.0, 19940524, 0.0, 1.0, 1.0, 1.0, 0.0, 1.0, 0.0]
[19931201.0, 19940915, 0.0, 0.0, 1.0, 0.0, 0.0, 1.0, 1.0]
[19931201.0, 19950101, 0.0, 1.0, 0.0, 0.0, 0.0, 1.0, 0.0]
[19931201.0, 19940819, 0.0, 0.0, 1.0, 0.0, 1.0, 1.0, 0.0]
[19931202.0, 19940914, 0.0, 0.0, 1.0, 0.0, 1.0, 1.0, 0.0]
[19931214.0, 19940530, 0.0, 1.0, 1.0, 1.0, 0.0, 1.0, 0.0]
[19931214.0, 19940919, 0.0, 0.0, 1.0, 0.0, 0.0, 1.0, 1.0]
[19931214.0, 19950204, 0.0, 0.0, 0.0, 0.0, 1.0, 1.0, 0.0]
[19931221.0, 19940902, 0.0, 0.0, 0.0, 1.0, 0.0, 1.0, 1.0]
[19931221.0, 19950101, 0.0, 1.0, 0.0, 1.0, 0.0, 0.0, 0.0]
[19931221.0, 19940909, 0.0, 0.0, 1.0, 1.0, 0.0, 0.0, 1.0]
[19930921.0, 19940530, 0.0, 1.0, 0.0, 1.0, 0.0, 1.0, 0.0]
[19930830.0, 19940919, 0.0, 0.0, 1.0, 0.0, 0.0, 1.0, 0.0]
[19930811.0, 19941006, 0.0, 0.0, 0.0, 0.0, 0.0, 1.0, 1.0]
[19930728.0, 19940414, 0.0, 0.0, 1.0, 1.0, 0.0, 1.0, 0.0]
[19940106.0, 19940914, 0.0, 0.0, 1.0, 1.0, 0.0, 1.0, 0.0]
[19940106.0, 19940915, 0.0, 1.0, 0.0, 1.0, 0.0, 1.0, 0.0]
[19940114.0, 19940918, 0.0, 1.0, 0.0, 1.0, 0.0, 1.0, 0.0]

4

[19940204.0, 19950402, 0.0, 0.0, 0.0, 1.0, 0.0, 1.0, 0.0]
[19940127.0, 19941005, 0.0, 0.0, 0.0, 1.0, 0.0, 1.0, 1.0]
[19940127.0, 19940929, 0.0, 0.0, 0.0, 1.0, 1.0, 1.0, 0.0]
[19940127.0, 19941014, 0.0, 1.0, 0.0, 1.0, 0.0, 1.0, 0.0]
[19940120.0, 19940929, 0.0, 0.0, 0.0, 1.0, 0.0, 1.0, 1.0]
[19940120.0, 19941006, 0.0, 1.0, 0.0, 1.0, 0.0, 1.0, 0.0]
[19940119.0, 19940918, 0.0, 0.0, 0.0, 1.0, 0.0, 1.0, 1.0]
[19940119.0, 19940929, 0.0, 1.0, 0.0, 1.0, 0.0, 1.0, 0.0]
[19940105.0, 19940915, 0.0, 0.0, 0.0, 1.0, 0.0, 1.0, 1.0]
[19940104.0, 19940909, 0.0, 0.0, 0.0, 1.0, 0.0, 1.0, 1.0]
[19940104.0, 19940909, 0.0, 0.0, 1.0, 1.0, 0.0, 1.0, 0.0]
[19940104.0, 19940909, 0.0, 1.0, 0.0, 1.0, 0.0, 1.0, 0.0]
[19931214.0, 19940830, 0.0, 0.0, 0.0, 1.0, 0.0, 1.0, 1.0]
[19931214.0, 19940902, 0.0, 0.0, 1.0, 1.0, 0.0, 0.0, 1.0]
[19930830.0, 19940919, 0.0, 0.0, 1.0, 0.0, 0.0, 1.0, 0.0]
[19931131.0, 19940830, 0.0, 0.0, 0.0, 0.0, 1.0, 1.0, 1.0]
[19931131.0, 19940524, 0.0, 0.0, 1.0, 1.0, 0.0, 1.0, 1.0]
[19931131.0, 19940606, 0.0, 1.0, 0.0, 1.0, 0.0, 1.0, 1.0]
[19931113.0, 19940823, 0.0, 0.0, 0.0, 0.0, 1.0, 1.0, 1.0]
[19931023.0, 19940819, 0.0, 0.0, 0.0, 0.0, 1.0, 1.0, 1.0]
[19931023.0, 19940521, 0.0, 1.0, 0.0, 1.0, 0.0, 1.0, 1.0]
[19931009.0, 19940819, 0.0, 0.0, 1.0, 0.0, 1.0, 0.0, 1.0]
[19931009.0, 19940429, 0.0, 1.0, 0.0, 1.0, 0.0, 1.0, 1.0]
[19931005.0, 19940709, 0.0, 0.0, 1.0, 0.0, 1.0, 0.0, 1.0]
[19931001.0, 19940427, 0.0, 1.0, 0.0, 1.0, 0.0, 1.0, 1.0]
[19940420.0, 19950101, 0.0, 0.0, 0.0, 1.0, 1.0, 1.0, 0.0]
[19940407.0, 19950101, 0.0, 1.0, 0.0, 1.0, 0.0, 1.0, 0.0]
[19940322.0, 19950101, 0.0, 0.0, 0.0, 0.0, 1.0, 1.0, 1.0]
[19940412.0, 19950101, 1.0, 0.0, 0.0, 0.0, 1.0, 1.0, 0.0]
[19931001.0, 19941105, 0.0, 1.0, 0.0, 1.0, 0.0, 0.0, 0.0]
[19931001.0, 19950101, 0.0, 1.0, 0.0, 0.0, 0.0, 1.0, 0.0]
[19931001.0, 19940414, 0.0, 1.0, 1.0, 1.0, 0.0, 1.0, 0.0]
[19931010.0, 19940709, 0.0, 0.0, 1.0, 1.0, 0.0, 0.0, 1.0]
[19931010.0, 19940504, 0.0, 1.0, 0.0, 1.0, 0.0, 1.0, 1.0]
[19931010.0, 19941123, 0.0, 1.0, 0.0, 1.0, 0.0, 0.0, 0.0]
[19931012.0, 19940424, 0.0, 0.0, 1.0, 1.0, 0.0, 1.0, 1.0]
[19931012.0, 19940516, 0.0, 1.0, 0.0, 1.0, 0.0, 1.0, 1.0]
[19931012.0, 19940417, 0.0, 1.0, 1.0, 1.0, 0.0, 1.0, 0.0]
[19931023.0, 19940709, 0.0, 0.0, 1.0, 0.0, 0.0, 1.0, 1.0]
[19930921.0, 19940530, 0.0, 1.0, 0.0, 1.0, 0.0, 1.0, 0.0]
[19931105.0, 19940823, 0.0, 0.0, 1.0, 0.0, 0.0, 1.0, 1.0]
[19931113.0, 19940830, 0.0, 0.0, 1.0, 0.0, 0.0, 1.0, 1.0]
[19931118.0, 19940728, 0.0, 0.0, 1.0, 1.0, 0.0, 0.0, 1.0]
[19931118.0, 19941227, 0.0, 1.0, 0.0, 1.0, 0.0, 0.0, 0.0]
[19931123.0, 19940823, 0.0, 0.0, 1.0, 1.0, 0.0, 0.0, 1.0]
[19931123.0, 19940902, 0.0, 0.0, 1.0, 0.0, 0.0, 1.0, 1.0]
[19931127.0, 19940521, 0.0, 0.0, 1.0, 1.0, 0.0, 1.0, 1.0]
[19931127.0, 19940830, 0.0, 0.0, 1.0, 1.0, 0.0, 0.0, 1.0]
[19931127.0, 19940914, 0.0, 0.0, 1.0, 0.0, 0.0, 1.0, 1.0]
[19931131.0, 19940915, 0.0, 0.0, 1.0, 0.0, 0.0, 1.0, 1.0]
[19931131.0, 19940819, 0.0, 0.0, 1.0, 0.0, 1.0, 1.0, 0.0]
[19930811.0, 19941006, 0.0, 0.0, 0.0, 0.0, 0.0, 1.0, 1.0]
[19931214.0, 19950204, 0.0, 0.0, 0.0, 0.0, 1.0, 1.0, 0.0]
[19931221.0, 19940902, 0.0, 0.0, 0.0, 1.0, 0.0, 1.0, 1.0]
[19931221.0, 19950101, 0.0, 1.0, 0.0, 1.0, 0.0, 0.0, 0.0]
[19931221.0, 19940909, 0.0, 0.0, 1.0, 1.0, 0.0, 0.0, 1.0]
[19930728.0, 19940414, 0.0, 0.0, 1.0, 1.0, 0.0, 1.0, 0.0]
[19940106.0, 19940914, 0.0, 0.0, 1.0, 1.0, 0.0, 1.0, 0.0]
[19940106.0, 19940915, 0.0, 1.0, 0.0, 1.0, 0.0, 1.0, 0.0]
[19940114.0, 19940918, 0.0, 1.0, 0.0, 1.0, 0.0, 1.0, 0.0]

3

[19940204.0, 19950402, 0.0, 0.0, 0.0, 1.0, 0.0, 1.0, 0.0]
[19940127.0, 19941005, 0.0, 0.0, 0.0, 1.0, 0.0, 1.0, 1.0]
[19940127.0, 19940929, 0.0, 0.0, 0.0, 1.0, 1.0, 1.0, 0.0]
[19940127.0, 19941014, 0.0, 1.0, 0.0, 1.0, 0.0, 1.0, 0.0]
[19940120.0, 19940929, 0.0, 0.0, 0.0, 1.0, 0.0, 1.0, 1.0]
[19940120.0, 19941006, 0.0, 1.0, 0.0, 1.0, 0.0, 1.0, 0.0]
[19940119.0, 19940918, 0.0, 0.0, 0.0, 1.0, 0.0, 1.0, 1.0]
[19940119.0, 19950224, 0.0, 0.0, 0.0, 0.0, 1.0, 1.0, 0.0]
[19940119.0, 19940929, 0.0, 1.0, 0.0, 1.0, 0.0, 1.0, 0.0]
[19940105.0, 19940915, 0.0, 0.0, 0.0, 1.0, 0.0, 1.0, 1.0]
[19940104.0, 19940909, 0.0, 0.0, 0.0, 1.0, 0.0, 1.0, 1.0]
[19940104.0, 19940909, 0.0, 0.0, 1.0, 1.0, 0.0, 1.0, 0.0]
[19940104.0, 19940909, 0.0, 1.0, 0.0, 1.0, 0.0, 1.0, 0.0]
[19940104.0, 19950101, 0.0, 1.0, 0.0, 1.0, 0.0, 0.0, 0.0]
[19940104.0, 19950101, 0.0, 1.0, 0.0, 0.0, 0.0, 1.0, 0.0]
[19931214.0, 19940830, 0.0, 0.0, 0.0, 1.0, 0.0, 1.0, 1.0]
[19931214.0, 19941227, 0.0, 1.0, 0.0, 1.0, 0.0, 0.0, 0.0]
[19931214.0, 19940902, 0.0, 0.0, 1.0, 1.0, 0.0, 0.0, 1.0]
[19931202.0, 19940524, 0.0, 0.0, 1.0, 1.0, 0.0, 1.0, 1.0]
[19931202.0, 19940606, 0.0, 1.0, 0.0, 1.0, 0.0, 1.0, 1.0]
[19931202.0, 19940830, 0.0, 0.0, 1.0, 1.0, 0.0, 0.0, 1.0]
[19930423.0, 19950217, 0.0, 1.0, 0.0, 0.0, 0.0, 0.0, 0.0]
[19930529.0, 19950404, 0.0, 1.0, 0.0, 0.0, 0.0, 0.0, 0.0]
[19930601.0, 19950504, 0.0, 1.0, 0.0, 0.0, 0.0, 0.0, 0.0]
[19930801.0, 19941005, 0.0, 0.0, 0.0, 0.0, 0.0, 1.0, 1.0]
[19930801.0, 19940516, 0.0, 1.0, 0.0, 1.0, 0.0, 1.0, 0.0]
[19930801.0, 19940915, 0.0, 1.0, 0.0, 1.0, 0.0, 0.0, 0.0]
[19930801.0, 19940919, 0.0, 0.0, 1.0, 0.0, 0.0, 1.0, 0.0]
[19940420.0, 19950101, 0.0, 0.0, 0.0, 1.0, 1.0, 1.0, 0.0]
[19940407.0, 19950101, 0.0, 1.0, 0.0, 1.0, 0.0, 1.0, 0.0]
[19940322.0, 19950101, 0.0, 0.0, 0.0, 0.0, 1.0, 1.0, 1.0]
[19940412.0, 19950101, 1.0, 0.0, 0.0, 0.0, 1.0, 1.0, 0.0]
[19930801.0, 19941123, 0.0, 1.0, 0.0, 0.0, 0.0, 1.0, 0.0]
[19930801.0, 19940426, 0.0, 0.0, 1.0, 1.0, 0.0, 0.0, 1.0]
[19930810.0, 19941006, 0.0, 0.0, 0.0, 0.0, 0.0, 1.0, 1.0]
[19930820.0, 19940521, 0.0, 1.0, 0.0, 1.0, 0.0, 1.0, 0.0]
[19930820.0, 19940918, 0.0, 1.0, 0.0, 1.0, 0.0, 0.0, 0.0]
[19930820.0, 19941227, 0.0, 1.0, 0.0, 0.0, 0.0, 1.0, 0.0]
[19930728.0, 19940414, 0.0, 0.0, 1.0, 1.0, 0.0, 1.0, 0.0]
[19930711.0, 19940426, 0.0, 0.0, 0.0, 1.0, 0.0, 1.0, 1.0]
[19930911.0, 19940524, 0.0, 1.0, 0.0, 1.0, 0.0, 1.0, 0.0]
[19930911.0, 19941015, 0.0, 1.0, 0.0, 1.0, 0.0, 0.0, 0.0]
[19930916.0, 19940530, 0.0, 1.0, 0.0, 1.0, 0.0, 1.0, 0.0]
[19930916.0, 19941020, 0.0, 1.0, 0.0, 1.0, 0.0, 0.0, 0.0]

2

[19940204.0, 19950402, 0.0, 0.0, 0.0, 1.0, 0.0, 1.0, 0.0]
[19930301.0, 19950101, 0.0, 1.0, 0.0, 0.0, 0.0, 0.0, 0.0]
[19930325.0, 19950113, 0.0, 1.0, 0.0, 0.0, 0.0, 0.0, 0.0]
[19930419.0, 19950202, 0.0, 1.0, 0.0, 0.0, 0.0, 0.0, 0.0]
[19930430.0, 19950309, 0.0, 1.0, 0.0, 0.0, 0.0, 0.0, 0.0]
[19930714.0, 19941005, 0.0, 0.0, 0.0, 0.0, 0.0, 1.0, 1.0]
[19930711.0, 19940929, 0.0, 0.0, 0.0, 0.0, 0.0, 1.0, 1.0]
[19930711.0, 19940426, 0.0, 0.0, 0.0, 1.0, 0.0, 1.0, 1.0]
[19930705.0, 19940424, 0.0, 0.0, 0.0, 1.0, 0.0, 1.0, 1.0]
[19930705.0, 19940407, 0.0, 0.0, 1.0, 1.0, 0.0, 1.0, 0.0]
[19930705.0, 19940424, 0.0, 1.0, 0.0, 1.0, 0.0, 1.0, 0.0]
[19930705.0, 19941105, 0.0, 1.0, 0.0, 0.0, 0.0, 1.0, 0.0]
[19930705.0, 19940918, 0.0, 0.0, 1.0, 0.0, 0.0, 1.0, 0.0]
[19930705.0, 19940915, 0.0, 0.0, 0.0, 0.0, 0.0, 1.0, 1.0]
[19930628.0, 19940414, 0.0, 0.0, 1.0, 1.0, 0.0, 0.0, 1.0]
[19930628.0, 19940417, 0.0, 1.0, 0.0, 1.0, 0.0, 1.0, 0.0]
[19930611.0, 19940914, 0.0, 0.0, 1.0, 0.0, 0.0, 1.0, 0.0]
[19930611.0, 19940311, 0.0, 1.0, 0.0, 1.0, 0.0, 1.0, 0.0]
[19930611.0, 19940712, 0.0, 1.0, 0.0, 1.0, 0.0, 0.0, 0.0]
[19930611.0, 19941015, 0.0, 1.0, 0.0, 0.0, 0.0, 1.0, 0.0]
[19930606.0, 19940306, 0.0, 1.0, 0.0, 1.0, 0.0, 1.0, 0.0]
[19930606.0, 19941014, 0.0, 1.0, 0.0, 0.0, 0.0, 1.0, 0.0]
[19930603.0, 19940305, 0.0, 1.0, 0.0, 1.0, 0.0, 1.0, 0.0]
[19930603.0, 19941006, 0.0, 1.0, 0.0, 0.0, 0.0, 1.0, 0.0]
[19930601.0, 19940709, 0.0, 0.0, 1.0, 0.0, 0.0, 0.0, 1.0]
[19930601.0, 19940223, 0.0, 1.0, 0.0, 1.0, 0.0, 1.0, 0.0]
[19930601.0, 19940702, 0.0, 1.0, 0.0, 1.0, 0.0, 0.0, 0.0]
[19930601.0, 19940929, 0.0, 1.0, 0.0, 0.0, 0.0, 1.0, 0.0]
[19930601.0, 19950504, 0.0, 1.0, 0.0, 0.0, 0.0, 0.0, 0.0]
[19940204.0, 19950224, 0.0, 0.0, 0.0, 0.0, 1.0, 1.0, 0.0]
[19940711.0, 19950224, 1.0, 0.0, 0.0, 1.0, 1.0, 1.0, 0.0]
[19940204.0, 19950224, 0.0, 1.0, 0.0, 1.0, 0.0, 0.0, 0.0]
[19940525.0, 19950202, 0.0, 1.0, 0.0, 1.0, 0.0, 1.0, 0.0]

1

[19940204, 19950402, 0.0, 0.0, 0.0, 1.0, 0.0, 1.0, 0.0]
[19920605, 19941123, 0.0, 0.0, 0.0, 0.0, 0.0, 0.0, 1.0]
[19930301, 19950101, 0.0, 1.0, 0.0, 0.0, 0.0, 0.0, 0.0]
[19930325, 19940426, 0.0, 0.0, 1.0, 0.0, 0.0, 0.0, 1.0]
[19930401, 19940516, 0.0, 1.0, 0.0, 1.0, 0.0, 0.0, 0.0]
[19930401, 19950113, 0.0, 1.0, 0.0, 0.0, 0.0, 0.0, 0.0]
[19940420.0, 19950101, 0.0, 0.0, 0.0, 1.0, 1.0, 1.0, 0.0]
[19940407.0, 19950101, 0.0, 1.0, 0.0, 1.0, 0.0, 1.0, 0.0]
[19940322.0, 19950101, 0.0, 0.0, 0.0, 0.0, 1.0, 1.0, 1.0]
[19940412.0, 19950101, 1.0, 0.0, 0.0, 0.0, 1.0, 1.0, 0.0]
[19930401, 19940521, 0.0, 1.0, 0.0, 0.0, 0.0, 1.0, 0.0]
[19930405, 19940530, 0.0, 1.0, 0.0, 1.0, 0.0, 0.0, 0.0]
[19930405, 19940524, 0.0, 1.0, 0.0, 0.0, 0.0, 1.0, 0.0]
[19930421, 19940606, 0.0, 1.0, 0.0, 1.0, 0.0, 0.0, 0.0]
[19930421, 19940530, 0.0, 1.0, 0.0, 0.0, 0.0, 1.0, 0.0]
[19930503, 19940624, 0.0, 1.0, 0.0, 1.0, 0.0, 0.0, 0.0]
[19930503, 19940624, 0.0, 1.0, 0.0, 0.0, 0.0, 1.0, 0.0]
[19930505, 19940629, 0.0, 1.0, 0.0, 1.0, 0.0, 0.0, 0.0]
[19930515, 19940629, 0.0, 1.0, 0.0, 0.0, 0.0, 1.0, 0.0]
[19930515, 19931212, 0.0, 1.0, 1.0, 1.0, 0.0, 1.0, 0.0]
[19930522, 19940220, 0.0, 1.0, 0.0, 1.0, 0.0, 1.0, 0.0]
[19930522, 19940702, 0.0, 1.0, 0.0, 0.0, 0.0, 1.0, 0.0]
[19930526, 19940223, 0.0, 1.0, 0.0, 1.0, 0.0, 1.0, 0.0]
[19930526, 19940702, 0.0, 1.0, 0.0, 1.0, 0.0, 0.0, 0.0]
[19930526, 19940929, 0.0, 1.0, 0.0, 0.0, 0.0, 1.0, 0.0]
[19930532, 19940709, 0.0, 0.0, 1.0, 0.0, 0.0, 0.0, 1.0]
[19930223, 19930808, 1.0, 0.0, 1.0, 0.0, 1.0, 1.0, 1.0]
[19930204, 19930900, 0.0, 0.0, 1.0, 0.0, 1.0, 1.0, 1.0]
[19930603, 19940305, 0.0, 1.0, 0.0, 1.0, 0.0, 1.0, 0.0]
[19930603, 19941006, 0.0, 1.0, 0.0, 0.0, 0.0, 1.0, 0.0]
[19930606, 19940306, 0.0, 1.0, 0.0, 1.0, 0.0, 1.0, 0.0]
[19930606, 19940712, 0.0, 1.0, 0.0, 1.0, 0.0, 0.0, 0.0]
[19930606, 19941014, 0.0, 1.0, 0.0, 0.0, 0.0, 1.0, 0.0]
[19930611, 19940306, 0.0, 0.0, 1.0, 1.0, 0.0, 0.0, 1.0]
[19930611, 19940311, 0.0, 1.0, 0.0, 1.0, 0.0, 1.0, 0.0]
[19930611, 19941015, 0.0, 1.0, 0.0, 0.0, 0.0, 1.0, 0.0]
[19930611, 19940914, 0.0, 0.0, 1.0, 0.0, 0.0, 1.0, 0.0]
[19930619, 19940310, 0.0, 0.0, 1.0, 1.0, 0.0, 0.0, 1.0]
[19930619, 19940414, 0.0, 1.0, 0.0, 1.0, 0.0, 1.0, 0.0]
[19930619, 19940718, 0.0, 1.0, 0.0, 1.0, 0.0, 0.0, 0.0]
[19930625, 19940306, 1.0, 0.0, 1.0, 1.0, 0.0, 0.0, 0.0]
[19930628, 19940414, 0.0, 0.0, 1.0, 1.0, 0.0, 0.0, 1.0]
[19930628, 19940417, 0.0, 1.0, 0.0, 1.0, 0.0, 1.0, 0.0]
[19930630, 19940902, 0.0, 0.0, 0.0, 0.0, 0.0, 1.0, 1.0]
[19930705, 19940424, 0.0, 0.0, 0.0, 1.0, 0.0, 1.0, 1.0]
[19930705, 19940407, 0.0, 0.0, 1.0, 1.0, 0.0, 1.0, 0.0]
[19930705, 19940424, 0.0, 1.0, 0.0, 1.0, 0.0, 1.0, 0.0]
[19930705, 19941105, 0.0, 1.0, 0.0, 0.0, 0.0, 1.0, 0.0]
[19930705, 19940918, 0.0, 0.0, 1.0, 0.0, 0.0, 1.0, 0.0]
[19930705, 19940915, 0.0, 0.0, 0.0, 0.0, 0.0, 1.0, 1.0]
[19930711, 19940426, 0.0, 0.0, 0.0, 1.0, 0.0, 1.0, 1.0]
[19930711, 19940929, 0.0, 0.0, 0.0, 0.0, 0.0, 1.0, 1.0]
[19930714, 19941005, 0.0, 0.0, 0.0, 0.0, 0.0, 1.0, 1.0]
[19930717, 19940504, 0.0, 1.0, 0.0, 1.0, 0.0, 1.0, 0.0]
[19930717, 19940909, 0.0, 1.0, 0.0, 1.0, 0.0, 0.0, 0.0]
[19930717, 19941123, 0.0, 1.0, 0.0, 0.0, 0.0, 1.0, 0.0]
[19930720, 19940414, 0.0, 0.0, 1.0, 1.0, 0.0, 1.0, 0.0]
[19930720, 19940516, 0.0, 1.0, 0.0, 1.0, 0.0, 1.0, 0.0]
[19930720, 19940915, 0.0, 1.0, 0.0, 1.0, 0.0, 0.0, 0.0]
[19930721, 19940919, 0.0, 0.0, 1.0, 0.0, 0.0, 1.0, 0.0]
[19930810, 19941006, 0.0, 0.0, 0.0, 0.0, 0.0, 1.0, 1.0]
[19930820, 19940521, 0.0, 1.0, 0.0, 1.0, 0.0, 1.0, 0.0]
[19930820, 19940918, 0.0, 1.0, 0.0, 1.0, 0.0, 0.0, 0.0]
[19930820, 19941227, 0.0, 1.0, 0.0, 0.0, 0.0, 1.0, 0.0]
[19930911, 19940524, 0.0, 1.0, 0.0, 1.0, 0.0, 1.0, 0.0]
[19930911, 19941015, 0.0, 1.0, 0.0, 1.0, 0.0, 0.0, 0.0]
[19930916, 19940530, 0.0, 1.0, 0.0, 1.0, 0.0, 1.0, 0.0]
[19930916, 19941020, 0.0, 1.0, 0.0, 1.0, 0.0, 0.0, 0.0]
[19930928, 19941105, 0.0, 1.0, 0.0, 1.0, 0.0, 0.0, 0.0]
[19930928, 19950101, 0.0, 1.0, 0.0, 0.0, 0.0, 1.0, 0.0]
[19931010, 19940709, 0.0, 0.0, 1.0, 1.0, 0.0, 0.0, 1.0]
[19931010, 19941123, 0.0, 1.0, 0.0, 1.0, 0.0, 0.0, 0.0]
[19931118, 19940728, 0.0, 0.0, 1.0, 1.0, 0.0, 0.0, 1.0]
[19931118, 19941227, 0.0, 1.0, 0.0, 1.0, 0.0, 0.0, 0.0]
[19931123, 19940823, 0.0, 0.0, 1.0, 1.0, 0.0, 0.0, 1.0]
[19931127, 19940521, 0.0, 0.0, 1.0, 1.0, 0.0, 1.0, 1.0]
[19931127, 19940830, 0.0, 0.0, 1.0, 1.0, 0.0, 0.0, 1.0]
[19931131, 19940524, 0.0, 0.0, 1.0, 1.0, 0.0, 1.0, 1.0]
[19931131, 19940606, 0.0, 1.0, 0.0, 1.0, 0.0, 1.0, 1.0]
[19931214, 19940830, 0.0, 0.0, 0.0, 1.0, 0.0, 1.0, 1.0]
[19931214, 19950204, 0.0, 0.0, 0.0, 0.0, 1.0, 1.0, 0.0]
[19931214, 19940902, 0.0, 0.0, 1.0, 1.0, 0.0, 0.0, 1.0]
[19931221, 19940902, 0.0, 0.0, 0.0, 1.0, 0.0, 1.0, 1.0]
[19931221, 19950101, 0.0, 1.0, 0.0, 1.0, 0.0, 0.0, 0.0]
[19931221, 19940909, 0.0, 0.0, 1.0, 1.0, 0.0, 0.0, 1.0]
