selection file, result

1



2



3

[60, 3.0, 3.0]
[60, 2.0, 4.0]
[89, 3.0, 4.0]

4

[60, 3.0, 3.0]
[61, 4.0, 3.0]
[60, 4.0, 1.0]
[99.0, 4.0, 4.0]
[60, 2.0, 4.0]
[89, 3.0, 4.0]

5

[61, 4.0, 3.0]
[60, 5.0, 2.0]
[60, 3.0, 3.0]
[60, 2.0, 4.0]
[80.0, 5.0, 3.0]
[134.0, 5.0, 4.0]
[89.0, 3.0, 4.0]
[99.0, 4.0, 4.0]

6

[60, 5.0, 2.0]
[65, 6.0, 1.0]
[101.0, 6.0, 3.0]
[178.0, 6.0, 4.0]
[92.0, 6.0, 2.0]
[60, 2.0, 4.0]
[89, 3.0, 4.0]
[99, 4.0, 4.0]
[134, 5.0, 4.0]
[61, 4.0, 3.0]
[60, 3.0, 3.0]
[80.0, 5.0, 3.0]

7

[60, 5.0, 2.0]
[65, 6.0, 1.0]
[101.0, 6.0, 3.0]
[178.0, 6.0, 4.0]
[60, 2.0, 4.0]
[89, 3.0, 4.0]
[99, 4.0, 4.0]
[134, 5.0, 4.0]
[92.0, 6.0, 2.0]
[65, 7.0, 0.0]
[89, 7.0, 1.0]
[143, 7.0, 2.0]
[185, 7.0, 3.0]
[210, 7.0, 4.0]
[61, 4.0, 3.0]
[60, 3.0, 3.0]
[80.0, 5.0, 3.0]

8

[60, 5.0, 2.0]
[65, 6.0, 1.0]
[101.0, 6.0, 3.0]
[178.0, 6.0, 4.0]
[80, 8.0, 0.0]
[111, 8.0, 1.0]
[181, 8.0, 2.0]
[226, 8.0, 3.0]
[292, 8.0, 4.0]
[60, 2.0, 4.0]
[89, 3.0, 4.0]
[99, 4.0, 4.0]
[134, 5.0, 4.0]
[92.0, 6.0, 2.0]
[65, 7.0, 0.0]
[89, 7.0, 1.0]
[143, 7.0, 2.0]
[185, 7.0, 3.0]
[210, 7.0, 4.0]
[61, 4.0, 3.0]
[60, 3.0, 3.0]
[80.0, 5.0, 3.0]
