selection file, result

1

[295, 8.0, 0.0, 1.0, 1.0, 0.0]
[304, 7.0, 0.0, 1.0, 1.0, 1.0]
[300, 8.0, 0.0, 1.0, 1.0, 1.0]
[315.0, 1.0, 0.0, 1.0, 1.0, 1.0]
[214.0, 1.0, 0.0, 0.0, 1.0, 0.0]
[249.0, 1.0, 1.0, 0.0, 1.0, 0.0]
[289.0, 1.0, 1.0, 0.0, 1.0, 1.0]
[298, 1.0, 0.0, 1.0, 0.0, 1.0]

2

[295, 8.0, 0.0, 1.0, 1.0, 0.0]
[304, 7.0, 0.0, 1.0, 1.0, 1.0]
[300, 8.0, 0.0, 1.0, 1.0, 1.0]
[315.0, 2.0, 0.0, 1.0, 1.0, 1.0]
[208.0, 2.0, 0.0, 0.0, 1.0, 0.0]
[249.0, 2.0, 1.0, 0.0, 1.0, 0.0]
[289.0, 2.0, 1.0, 0.0, 1.0, 1.0]
[214.0, 1.0, 0.0, 0.0, 1.0, 0.0]
[298, 2.0, 0.0, 1.0, 0.0, 1.0]

3

[295, 8.0, 0.0, 1.0, 1.0, 0.0]
[304, 7.0, 0.0, 1.0, 1.0, 1.0]
[300, 8.0, 0.0, 1.0, 1.0, 1.0]
[315.0, 3.0, 0.0, 1.0, 1.0, 1.0]
[190.0, 3.0, 0.0, 0.0, 1.0, 0.0]
[249.0, 3.0, 1.0, 0.0, 1.0, 0.0]
[289.0, 3.0, 1.0, 0.0, 1.0, 1.0]
[208.0, 2.0, 0.0, 0.0, 1.0, 0.0]
[214.0, 1.0, 0.0, 0.0, 1.0, 0.0]
[298, 3.0, 0.0, 1.0, 0.0, 1.0]

4

[295, 8.0, 0.0, 1.0, 1.0, 0.0]
[304, 7.0, 0.0, 1.0, 1.0, 1.0]
[300, 8.0, 0.0, 1.0, 1.0, 1.0]
[315.0, 4.0, 0.0, 1.0, 1.0, 1.0]
[180.0, 4.0, 0.0, 0.0, 1.0, 0.0]
[249.0, 4.0, 1.0, 0.0, 1.0, 0.0]
[289.0, 4.0, 1.0, 0.0, 1.0, 1.0]
[190.0, 3.0, 0.0, 0.0, 1.0, 0.0]
[208.0, 2.0, 0.0, 0.0, 1.0, 0.0]
[298, 4.0, 0.0, 1.0, 0.0, 1.0]

5

[295, 8.0, 0.0, 1.0, 1.0, 0.0]
[304, 7.0, 0.0, 1.0, 1.0, 1.0]
[300, 8.0, 0.0, 1.0, 1.0, 1.0]
[315.0, 5.0, 0.0, 1.0, 1.0, 1.0]
[167.0, 5.0, 0.0, 0.0, 1.0, 0.0]
[249.0, 5.0, 1.0, 0.0, 1.0, 0.0]
[289.0, 5.0, 1.0, 0.0, 1.0, 1.0]
[180.0, 4.0, 0.0, 0.0, 1.0, 0.0]
[298, 5.0, 0.0, 1.0, 0.0, 1.0]

6

[295, 8.0, 0.0, 1.0, 1.0, 0.0]
[304, 7.0, 0.0, 1.0, 1.0, 1.0]
[300, 8.0, 0.0, 1.0, 1.0, 1.0]
[315.0, 6.0, 0.0, 1.0, 1.0, 1.0]
[116.0, 6.0, 0.0, 0.0, 1.0, 0.0]
[249.0, 6.0, 1.0, 0.0, 1.0, 0.0]
[289.0, 6.0, 1.0, 0.0, 1.0, 1.0]
[298, 6.0, 0.0, 1.0, 0.0, 1.0]

7

[295, 8.0, 0.0, 1.0, 1.0, 0.0]
[304, 7.0, 0.0, 1.0, 1.0, 1.0]
[300, 8.0, 0.0, 1.0, 1.0, 1.0]
[206.0, 7.0, 1.0, 0.0, 1.0, 0.0]
[298, 7.0, 0.0, 1.0, 0.0, 1.0]

8

[295, 8.0, 0.0, 1.0, 1.0, 0.0]
[300, 8.0, 0.0, 1.0, 1.0, 1.0]
