selection file, result

1

[60.0, 22.0, 1.0, 1.0, 0.0]
[61.0, 22.0, 1.0, 1.0, 1.0]
[60.0, 24.0, 1.0, 1.0, 1.0]

2

[60.0, 22.0, 1.0, 1.0, 0.0]
[60.0, 23.0, 1.0, 0.0, 1.0]
[61.0, 22.0, 1.0, 1.0, 1.0]
[60.0, 24.0, 1.0, 1.0, 1.0]

3

[60.0, 22.0, 1.0, 1.0, 0.0]
[60.0, 23.0, 1.0, 0.0, 1.0]
[61.0, 22.0, 1.0, 1.0, 1.0]
[60.0, 24.0, 1.0, 1.0, 1.0]

4

[60.0, 22.0, 1.0, 1.0, 0.0]
[60.0, 22.0, 1.0, 0.0, 1.0]
[60.0, 23.0, 1.0, 1.0, 1.0]
[61.0, 22.0, 1.0, 1.0, 1.0]

5

[60.0, 22.0, 1.0, 1.0, 0.0]
[60.0, 22.0, 1.0, 0.0, 1.0]
[60.0, 23.0, 1.0, 1.0, 1.0]
[61.0, 22.0, 1.0, 1.0, 1.0]

6

[60.0, 22.0, 1.0, 1.0, 0.0]
[60.0, 22.0, 1.0, 0.0, 1.0]
[60.0, 23.0, 1.0, 1.0, 1.0]
[61.0, 22.0, 1.0, 1.0, 1.0]
