selection file, result

1



2

[100, 3.0, 0.0, 1.0]
[100, 3.0, 1.0, 0.0]
[100, 2.0, 0.0, 0.0]
[97, 3.0, 0.0, 0.0]

3

[150, 3.0, 1.0, 1.0]
[150, 2.0, 0.0, 0.0]
[145, 3.0, 0.0, 1.0]
[97, 3.0, 0.0, 0.0]
[124, 3.0, 1.0, 0.0]

4

[200, 2.0, 0.0, 1.0]
[188, 3.0, 1.0, 1.0]
[145, 3.0, 0.0, 1.0]
[97, 3.0, 0.0, 0.0]
[124, 3.0, 1.0, 0.0]
[200, 1.0, 0.0, 0.0]
[197, 2.0, 1.0, 0.0]
[188, 2.0, 0.0, 0.0]

5

[250, 1.0, 0.0, 1.0]
[226, 2.0, 1.0, 1.0]
[208, 2.0, 0.0, 1.0]
[188, 2.0, 0.0, 0.0]
[197, 2.0, 1.0, 0.0]
[188, 3.0, 1.0, 1.0]
[145, 3.0, 0.0, 1.0]
[97, 3.0, 0.0, 0.0]
[124, 3.0, 1.0, 0.0]
[250, 0.0, 1.0, 0.0]
[245, 1.0, 1.0, 0.0]
[225, 1.0, 0.0, 0.0]
[226, 0.0, 0.0, 0.0]

6

[300, 1.0, 1.0, 1.0]
[226, 2.0, 1.0, 1.0]
[208, 2.0, 0.0, 1.0]
[188, 2.0, 0.0, 0.0]
[197, 2.0, 1.0, 0.0]
[188, 3.0, 1.0, 1.0]
[145, 3.0, 0.0, 1.0]
[97, 3.0, 0.0, 0.0]
[124, 3.0, 1.0, 0.0]
[300, 0.0, 0.0, 1.0]
[285, 1.0, 0.0, 1.0]
[225, 1.0, 0.0, 0.0]
[226, 0.0, 0.0, 0.0]
[285, 0.0, 1.0, 0.0]
[245, 1.0, 1.0, 0.0]

7

[350, 0.0, 0.0, 1.0]
[342, 1.0, 1.0, 1.0]
[285, 1.0, 0.0, 1.0]
[225, 1.0, 0.0, 0.0]
[245, 1.0, 1.0, 0.0]
[226, 2.0, 1.0, 1.0]
[208, 2.0, 0.0, 1.0]
[188, 2.0, 0.0, 0.0]
[197, 2.0, 1.0, 0.0]
[188, 3.0, 1.0, 1.0]
[145, 3.0, 0.0, 1.0]
[97, 3.0, 0.0, 0.0]
[124, 3.0, 1.0, 0.0]
[285, 0.0, 1.0, 0.0]
[226, 0.0, 0.0, 0.0]

8

[364, 0.0, 1.0, 1.0]
[342, 1.0, 1.0, 1.0]
[285, 1.0, 0.0, 1.0]
[225, 1.0, 0.0, 0.0]
[245, 1.0, 1.0, 0.0]
[226, 2.0, 1.0, 1.0]
[208, 2.0, 0.0, 1.0]
[188, 2.0, 0.0, 0.0]
[197, 2.0, 1.0, 0.0]
[188, 3.0, 1.0, 1.0]
[145, 3.0, 0.0, 1.0]
[97, 3.0, 0.0, 0.0]
[124, 3.0, 1.0, 0.0]
[356, 0.0, 0.0, 1.0]
[226, 0.0, 0.0, 0.0]
[285, 0.0, 1.0, 0.0]
