selection file, result

2



3

[150, 4.0, 8.0, 0.0, 1.0]
[150, 4.0, 8.0, 1.0, 0.0]
[150, 4.0, 9.0, 0.0, 0.0]
[150, 5.0, 8.0, 0.0, 0.0]
[143, 4.0, 8.0, 0.0, 0.0]

4

[200, 4.0, 9.0, 1.0, 1.0]
[198, 5.0, 8.0, 1.0, 1.0]
[189, 4.0, 8.0, 1.0, 1.0]
[178, 4.0, 8.0, 0.0, 1.0]
[143, 4.0, 8.0, 0.0, 0.0]
[181, 4.0, 8.0, 1.0, 0.0]
[184, 5.0, 8.0, 0.0, 1.0]
[162, 5.0, 8.0, 0.0, 0.0]
[187, 5.0, 8.0, 1.0, 0.0]
[200, 4.0, 10.0, 0.0, 1.0]
[200, 5.0, 9.0, 0.0, 1.0]
[195, 4.0, 9.0, 0.0, 1.0]
[167, 4.0, 9.0, 0.0, 0.0]
[185, 5.0, 9.0, 0.0, 0.0]
[187, 5.0, 10.0, 0.0, 0.0]
[181, 4.0, 10.0, 0.0, 0.0]
[200, 4.0, 10.0, 1.0, 0.0]
[200, 5.0, 9.0, 1.0, 0.0]
[195, 4.0, 9.0, 1.0, 0.0]

5

[226, 5.0, 10.0, 1.0, 1.0]
[221, 4.0, 10.0, 1.0, 1.0]
[208, 4.0, 9.0, 1.0, 1.0]
[195, 4.0, 9.0, 0.0, 1.0]
[167, 4.0, 9.0, 0.0, 0.0]
[195, 4.0, 9.0, 1.0, 0.0]
[189, 4.0, 8.0, 1.0, 1.0]
[178, 4.0, 8.0, 0.0, 1.0]
[143, 4.0, 8.0, 0.0, 0.0]
[181, 4.0, 8.0, 1.0, 0.0]
[206, 4.0, 10.0, 0.0, 1.0]
[181, 4.0, 10.0, 0.0, 0.0]
[200, 4.0, 10.0, 1.0, 0.0]
[198, 5.0, 8.0, 1.0, 1.0]
[184, 5.0, 8.0, 0.0, 1.0]
[162, 5.0, 8.0, 0.0, 0.0]
[187, 5.0, 8.0, 1.0, 0.0]
[221, 5.0, 9.0, 1.0, 1.0]
[201, 5.0, 9.0, 0.0, 1.0]
[185, 5.0, 9.0, 0.0, 0.0]
[206, 5.0, 9.0, 1.0, 0.0]
[219, 5.0, 10.0, 0.0, 1.0]
[187, 5.0, 10.0, 0.0, 0.0]
[212, 5.0, 10.0, 1.0, 0.0]

6

[226, 5.0, 10.0, 1.0, 1.0]
[221, 4.0, 10.0, 1.0, 1.0]
[208, 4.0, 9.0, 1.0, 1.0]
[195, 4.0, 9.0, 0.0, 1.0]
[167, 4.0, 9.0, 0.0, 0.0]
[195, 4.0, 9.0, 1.0, 0.0]
[189, 4.0, 8.0, 1.0, 1.0]
[178, 4.0, 8.0, 0.0, 1.0]
[143, 4.0, 8.0, 0.0, 0.0]
[181, 4.0, 8.0, 1.0, 0.0]
[206, 4.0, 10.0, 0.0, 1.0]
[181, 4.0, 10.0, 0.0, 0.0]
[200, 4.0, 10.0, 1.0, 0.0]
[198, 5.0, 8.0, 1.0, 1.0]
[184, 5.0, 8.0, 0.0, 1.0]
[162, 5.0, 8.0, 0.0, 0.0]
[187, 5.0, 8.0, 1.0, 0.0]
[221, 5.0, 9.0, 1.0, 1.0]
[201, 5.0, 9.0, 0.0, 1.0]
[185, 5.0, 9.0, 0.0, 0.0]
[206, 5.0, 9.0, 1.0, 0.0]
[219, 5.0, 10.0, 0.0, 1.0]
[187, 5.0, 10.0, 0.0, 0.0]
[212, 5.0, 10.0, 1.0, 0.0]

7

[226, 5.0, 10.0, 1.0, 1.0]
[221, 4.0, 10.0, 1.0, 1.0]
[208, 4.0, 9.0, 1.0, 1.0]
[195, 4.0, 9.0, 0.0, 1.0]
[167, 4.0, 9.0, 0.0, 0.0]
[195, 4.0, 9.0, 1.0, 0.0]
[189, 4.0, 8.0, 1.0, 1.0]
[178, 4.0, 8.0, 0.0, 1.0]
[143, 4.0, 8.0, 0.0, 0.0]
[181, 4.0, 8.0, 1.0, 0.0]
[206, 4.0, 10.0, 0.0, 1.0]
[181, 4.0, 10.0, 0.0, 0.0]
[200, 4.0, 10.0, 1.0, 0.0]
[198, 5.0, 8.0, 1.0, 1.0]
[184, 5.0, 8.0, 0.0, 1.0]
[162, 5.0, 8.0, 0.0, 0.0]
[187, 5.0, 8.0, 1.0, 0.0]
[221, 5.0, 9.0, 1.0, 1.0]
[201, 5.0, 9.0, 0.0, 1.0]
[185, 5.0, 9.0, 0.0, 0.0]
[206, 5.0, 9.0, 1.0, 0.0]
[219, 5.0, 10.0, 0.0, 1.0]
[187, 5.0, 10.0, 0.0, 0.0]
[212, 5.0, 10.0, 1.0, 0.0]

8

[226, 5.0, 10.0, 1.0, 1.0]
[221, 4.0, 10.0, 1.0, 1.0]
[208, 4.0, 9.0, 1.0, 1.0]
[195, 4.0, 9.0, 0.0, 1.0]
[167, 4.0, 9.0, 0.0, 0.0]
[195, 4.0, 9.0, 1.0, 0.0]
[189, 4.0, 8.0, 1.0, 1.0]
[178, 4.0, 8.0, 0.0, 1.0]
[143, 4.0, 8.0, 0.0, 0.0]
[181, 4.0, 8.0, 1.0, 0.0]
[206, 4.0, 10.0, 0.0, 1.0]
[181, 4.0, 10.0, 0.0, 0.0]
[200, 4.0, 10.0, 1.0, 0.0]
[198, 5.0, 8.0, 1.0, 1.0]
[184, 5.0, 8.0, 0.0, 1.0]
[162, 5.0, 8.0, 0.0, 0.0]
[187, 5.0, 8.0, 1.0, 0.0]
[221, 5.0, 9.0, 1.0, 1.0]
[201, 5.0, 9.0, 0.0, 1.0]
[185, 5.0, 9.0, 0.0, 0.0]
[206, 5.0, 9.0, 1.0, 0.0]
[219, 5.0, 10.0, 0.0, 1.0]
[187, 5.0, 10.0, 0.0, 0.0]
[212, 5.0, 10.0, 1.0, 0.0]

9

[226, 5.0, 10.0, 1.0, 1.0]
[221, 4.0, 10.0, 1.0, 1.0]
[208, 4.0, 9.0, 1.0, 1.0]
[195, 4.0, 9.0, 0.0, 1.0]
[167, 4.0, 9.0, 0.0, 0.0]
[195, 4.0, 9.0, 1.0, 0.0]
[189, 4.0, 8.0, 1.0, 1.0]
[178, 4.0, 8.0, 0.0, 1.0]
[143, 4.0, 8.0, 0.0, 0.0]
[181, 4.0, 8.0, 1.0, 0.0]
[206, 4.0, 10.0, 0.0, 1.0]
[181, 4.0, 10.0, 0.0, 0.0]
[200, 4.0, 10.0, 1.0, 0.0]
[198, 5.0, 8.0, 1.0, 1.0]
[184, 5.0, 8.0, 0.0, 1.0]
[162, 5.0, 8.0, 0.0, 0.0]
[187, 5.0, 8.0, 1.0, 0.0]
[221, 5.0, 9.0, 1.0, 1.0]
[201, 5.0, 9.0, 0.0, 1.0]
[185, 5.0, 9.0, 0.0, 0.0]
[206, 5.0, 9.0, 1.0, 0.0]
[219, 5.0, 10.0, 0.0, 1.0]
[187, 5.0, 10.0, 0.0, 0.0]
[212, 5.0, 10.0, 1.0, 0.0]
