selection file, result

-1

[19931001, 19950101.0, 1.0, 0.0]
[19931001, 19950101.0, 0.0, 1.0]
[19931126, 19941106.0, 1.0, 1.0]
[19931125, 19941105.0, 1.0, 1.0]
[19931124, 19941104.0, 1.0, 1.0]
[19931123, 19941103.0, 1.0, 1.0]
[19931122, 19941102.0, 1.0, 1.0]
[19931121, 19941101.0, 1.0, 1.0]
[19931119, 19941030.0, 1.0, 1.0]
[19931118, 19941029.0, 1.0, 1.0]
[19931117, 19941028.0, 1.0, 1.0]
[19931116, 19941027.0, 1.0, 1.0]
[19931115, 19941026.0, 1.0, 1.0]
[19931114, 19941025.0, 1.0, 1.0]
[19931113, 19941024.0, 1.0, 1.0]
[19931112, 19941023.0, 1.0, 1.0]
[19931111, 19941022.0, 1.0, 1.0]
[19931110, 19941021.0, 1.0, 1.0]
[19931109, 19941020.0, 1.0, 1.0]
[19931108, 19941019.0, 1.0, 1.0]
[19931107, 19941018.0, 1.0, 1.0]
[19931106, 19941017.0, 1.0, 1.0]
[19931105, 19941016.0, 1.0, 1.0]
[19931104, 19941015.0, 1.0, 1.0]
[19931103, 19941014.0, 1.0, 1.0]
[19931102, 19941013.0, 1.0, 1.0]
[19931032, 19941012.0, 1.0, 1.0]
[19931031, 19941011.0, 1.0, 1.0]
[19931030, 19941010.0, 1.0, 1.0]
[19931029, 19941009.0, 1.0, 1.0]
[19931028, 19941008.0, 1.0, 1.0]
[19931027, 19941007.0, 1.0, 1.0]
[19931026, 19941006.0, 1.0, 1.0]
[19931025, 19941005.0, 1.0, 1.0]
[19931024, 19941004.0, 1.0, 1.0]
[19931023, 19941003.0, 1.0, 1.0]
[19931022, 19941002.0, 1.0, 1.0]
[19931021, 19941001.0, 1.0, 1.0]
[19931019, 19940929.0, 1.0, 1.0]
[19931018, 19940928.0, 1.0, 1.0]
[19931017, 19940927.0, 1.0, 1.0]
[19931016, 19940926.0, 1.0, 1.0]
[19931015, 19940925.0, 1.0, 1.0]
[19931014, 19940924.0, 1.0, 1.0]
[19931013, 19940923.0, 1.0, 1.0]
[19931012, 19940922.0, 1.0, 1.0]
[19931011, 19940921.0, 1.0, 1.0]
[19931010, 19940920.0, 1.0, 1.0]
[19931009, 19940919.0, 1.0, 1.0]
[19931008, 19940918.0, 1.0, 1.0]
[19931007, 19940917.0, 1.0, 1.0]
[19931006, 19940916.0, 1.0, 1.0]
[19931005, 19940915.0, 1.0, 1.0]
[19931004, 19940914.0, 1.0, 1.0]
[19931003, 19940913.0, 1.0, 1.0]
[19931002, 19940912.0, 1.0, 1.0]
[19931001, 19940911.0, 1.0, 1.0]
[19931128.0, 19941108.0, 1.0, 1.0]
[19931129.0, 19941109.0, 1.0, 1.0]
[19931130.0, 19941110.0, 1.0, 1.0]
[19931131.0, 19941111.0, 1.0, 1.0]
[19931202.0, 19941112.0, 1.0, 1.0]
[19931203.0, 19941113.0, 1.0, 1.0]
[19931204.0, 19941114.0, 1.0, 1.0]
[19931205.0, 19941115.0, 1.0, 1.0]
[19931206.0, 19941116.0, 1.0, 1.0]
[19931207.0, 19941117.0, 1.0, 1.0]
[19931208.0, 19941118.0, 1.0, 1.0]
[19931209.0, 19941119.0, 1.0, 1.0]
[19931210.0, 19941120.0, 1.0, 1.0]
[19931211.0, 19941121.0, 1.0, 1.0]
[19931212.0, 19941122.0, 1.0, 1.0]
[19931213.0, 19941123.0, 1.0, 1.0]
[19931214.0, 19941124.0, 1.0, 1.0]
[19931215.0, 19941125.0, 1.0, 1.0]
[19931216.0, 19941126.0, 1.0, 1.0]
[19931217.0, 19941127.0, 1.0, 1.0]
[19931218.0, 19941128.0, 1.0, 1.0]
[19931219.0, 19941129.0, 1.0, 1.0]
[19931221.0, 19941201.0, 1.0, 1.0]
[19931222.0, 19941202.0, 1.0, 1.0]
[19931223.0, 19941203.0, 1.0, 1.0]
[19931224.0, 19941204.0, 1.0, 1.0]
[19931225.0, 19941205.0, 1.0, 1.0]
[19931226.0, 19941206.0, 1.0, 1.0]
[19931227.0, 19941207.0, 1.0, 1.0]
[19931228.0, 19941208.0, 1.0, 1.0]
[19931229.0, 19941209.0, 1.0, 1.0]
[19931230.0, 19941210.0, 1.0, 1.0]
[19931231.0, 19941211.0, 1.0, 1.0]
[19931232.0, 19941212.0, 1.0, 1.0]
[19940102.0, 19941213.0, 1.0, 1.0]
[19940103.0, 19941214.0, 1.0, 1.0]
[19940104.0, 19941215.0, 1.0, 1.0]
[19940105.0, 19941216.0, 1.0, 1.0]
[19940106.0, 19941217.0, 1.0, 1.0]
[19940107.0, 19941218.0, 1.0, 1.0]
[19940108.0, 19941219.0, 1.0, 1.0]
[19940109.0, 19941220.0, 1.0, 1.0]
[19940110.0, 19941221.0, 1.0, 1.0]
[19940111.0, 19941222.0, 1.0, 1.0]
[19940112.0, 19941223.0, 1.0, 1.0]
[19940113.0, 19941224.0, 1.0, 1.0]
[19940114.0, 19941225.0, 1.0, 1.0]
[19940115.0, 19941226.0, 1.0, 1.0]
[19940116.0, 19941227.0, 1.0, 1.0]
[19940117.0, 19941228.0, 1.0, 1.0]
[19940118.0, 19941229.0, 1.0, 1.0]
[19940119.0, 19941230.0, 1.0, 1.0]
[19940121.0, 19950101.0, 1.0, 1.0]
[19931127.0, 19941107.0, 1.0, 1.0]

0

[19931101, 19950101.0, 1.0, 0.0]
[19931101, 19950101.0, 0.0, 1.0]
[19931211, 19941121.0, 1.0, 1.0]
[19931210, 19941120.0, 1.0, 1.0]
[19931209, 19941119.0, 1.0, 1.0]
[19931208, 19941118.0, 1.0, 1.0]
[19931207, 19941117.0, 1.0, 1.0]
[19931206, 19941116.0, 1.0, 1.0]
[19931205, 19941115.0, 1.0, 1.0]
[19931204, 19941114.0, 1.0, 1.0]
[19931203, 19941113.0, 1.0, 1.0]
[19931202, 19941112.0, 1.0, 1.0]
[19931131, 19941111.0, 1.0, 1.0]
[19931130, 19941110.0, 1.0, 1.0]
[19931129, 19941109.0, 1.0, 1.0]
[19931128, 19941108.0, 1.0, 1.0]
[19931127, 19941107.0, 1.0, 1.0]
[19931126, 19941106.0, 1.0, 1.0]
[19931125, 19941105.0, 1.0, 1.0]
[19931124, 19941104.0, 1.0, 1.0]
[19931123, 19941103.0, 1.0, 1.0]
[19931122, 19941102.0, 1.0, 1.0]
[19931121, 19941101.0, 1.0, 1.0]
[19931119, 19941030.0, 1.0, 1.0]
[19931118, 19941029.0, 1.0, 1.0]
[19931117, 19941028.0, 1.0, 1.0]
[19931116, 19941027.0, 1.0, 1.0]
[19931115, 19941026.0, 1.0, 1.0]
[19931114, 19941025.0, 1.0, 1.0]
[19931113, 19941024.0, 1.0, 1.0]
[19931112, 19941023.0, 1.0, 1.0]
[19931111, 19941022.0, 1.0, 1.0]
[19931110, 19941021.0, 1.0, 1.0]
[19931109, 19941020.0, 1.0, 1.0]
[19931108, 19941019.0, 1.0, 1.0]
[19931107, 19941018.0, 1.0, 1.0]
[19931106, 19941017.0, 1.0, 1.0]
[19931105, 19941016.0, 1.0, 1.0]
[19931104, 19941015.0, 1.0, 1.0]
[19931103, 19941014.0, 1.0, 1.0]
[19931102, 19941013.0, 1.0, 1.0]
[19931101, 19941012.0, 1.0, 1.0]
[19931213.0, 19941123.0, 1.0, 1.0]
[19931214.0, 19941124.0, 1.0, 1.0]
[19931215.0, 19941125.0, 1.0, 1.0]
[19931216.0, 19941126.0, 1.0, 1.0]
[19931217.0, 19941127.0, 1.0, 1.0]
[19931218.0, 19941128.0, 1.0, 1.0]
[19931219.0, 19941129.0, 1.0, 1.0]
[19931221.0, 19941201.0, 1.0, 1.0]
[19931222.0, 19941202.0, 1.0, 1.0]
[19931223.0, 19941203.0, 1.0, 1.0]
[19931224.0, 19941204.0, 1.0, 1.0]
[19931225.0, 19941205.0, 1.0, 1.0]
[19931226.0, 19941206.0, 1.0, 1.0]
[19931227.0, 19941207.0, 1.0, 1.0]
[19931228.0, 19941208.0, 1.0, 1.0]
[19931229.0, 19941209.0, 1.0, 1.0]
[19931230.0, 19941210.0, 1.0, 1.0]
[19931231.0, 19941211.0, 1.0, 1.0]
[19931232.0, 19941212.0, 1.0, 1.0]
[19940102.0, 19941213.0, 1.0, 1.0]
[19940103.0, 19941214.0, 1.0, 1.0]
[19940104.0, 19941215.0, 1.0, 1.0]
[19940105.0, 19941216.0, 1.0, 1.0]
[19940106.0, 19941217.0, 1.0, 1.0]
[19940107.0, 19941218.0, 1.0, 1.0]
[19940108.0, 19941219.0, 1.0, 1.0]
[19940109.0, 19941220.0, 1.0, 1.0]
[19940110.0, 19941221.0, 1.0, 1.0]
[19940111.0, 19941222.0, 1.0, 1.0]
[19940112.0, 19941223.0, 1.0, 1.0]
[19940113.0, 19941224.0, 1.0, 1.0]
[19940114.0, 19941225.0, 1.0, 1.0]
[19940115.0, 19941226.0, 1.0, 1.0]
[19940116.0, 19941227.0, 1.0, 1.0]
[19940117.0, 19941228.0, 1.0, 1.0]
[19940118.0, 19941229.0, 1.0, 1.0]
[19940119.0, 19941230.0, 1.0, 1.0]
[19940121.0, 19950101.0, 1.0, 1.0]
[19931212.0, 19941122.0, 1.0, 1.0]

1

[19931201, 19950101.0, 1.0, 0.0]
[19931201, 19950101.0, 0.0, 1.0]
[19931226, 19941206.0, 1.0, 1.0]
[19931225, 19941205.0, 1.0, 1.0]
[19931224, 19941204.0, 1.0, 1.0]
[19931223, 19941203.0, 1.0, 1.0]
[19931222, 19941202.0, 1.0, 1.0]
[19931221, 19941201.0, 1.0, 1.0]
[19931219, 19941129.0, 1.0, 1.0]
[19931218, 19941128.0, 1.0, 1.0]
[19931217, 19941127.0, 1.0, 1.0]
[19931216, 19941126.0, 1.0, 1.0]
[19931215, 19941125.0, 1.0, 1.0]
[19931214, 19941124.0, 1.0, 1.0]
[19931213, 19941123.0, 1.0, 1.0]
[19931212, 19941122.0, 1.0, 1.0]
[19931211, 19941121.0, 1.0, 1.0]
[19931210, 19941120.0, 1.0, 1.0]
[19931209, 19941119.0, 1.0, 1.0]
[19931208, 19941118.0, 1.0, 1.0]
[19931207, 19941117.0, 1.0, 1.0]
[19931206, 19941116.0, 1.0, 1.0]
[19931205, 19941115.0, 1.0, 1.0]
[19931204, 19941114.0, 1.0, 1.0]
[19931203, 19941113.0, 1.0, 1.0]
[19931202, 19941112.0, 1.0, 1.0]
[19931201, 19941111.0, 1.0, 1.0]
[19931228.0, 19941208.0, 1.0, 1.0]
[19931229.0, 19941209.0, 1.0, 1.0]
[19931230.0, 19941210.0, 1.0, 1.0]
[19931231.0, 19941211.0, 1.0, 1.0]
[19931232.0, 19941212.0, 1.0, 1.0]
[19940102.0, 19941213.0, 1.0, 1.0]
[19940103.0, 19941214.0, 1.0, 1.0]
[19940104.0, 19941215.0, 1.0, 1.0]
[19940105.0, 19941216.0, 1.0, 1.0]
[19940106.0, 19941217.0, 1.0, 1.0]
[19940107.0, 19941218.0, 1.0, 1.0]
[19940108.0, 19941219.0, 1.0, 1.0]
[19940109.0, 19941220.0, 1.0, 1.0]
[19940110.0, 19941221.0, 1.0, 1.0]
[19940111.0, 19941222.0, 1.0, 1.0]
[19940112.0, 19941223.0, 1.0, 1.0]
[19940113.0, 19941224.0, 1.0, 1.0]
[19940114.0, 19941225.0, 1.0, 1.0]
[19940115.0, 19941226.0, 1.0, 1.0]
[19940116.0, 19941227.0, 1.0, 1.0]
[19940117.0, 19941228.0, 1.0, 1.0]
[19940118.0, 19941229.0, 1.0, 1.0]
[19940119.0, 19941230.0, 1.0, 1.0]
[19940121.0, 19950101.0, 1.0, 1.0]
[19931227.0, 19941207.0, 1.0, 1.0]

2

[19940101, 19950101.0, 1.0, 0.0]
[19940101, 19950101.0, 0.0, 1.0]
[19940111, 19941222.0, 1.0, 1.0]
[19940110, 19941221.0, 1.0, 1.0]
[19940109, 19941220.0, 1.0, 1.0]
[19940108, 19941219.0, 1.0, 1.0]
[19940107, 19941218.0, 1.0, 1.0]
[19940106, 19941217.0, 1.0, 1.0]
[19940105, 19941216.0, 1.0, 1.0]
[19940104, 19941215.0, 1.0, 1.0]
[19940103, 19941214.0, 1.0, 1.0]
[19940102, 19941213.0, 1.0, 1.0]
[19940101, 19941212.0, 1.0, 1.0]
[19940113.0, 19941224.0, 1.0, 1.0]
[19940114.0, 19941225.0, 1.0, 1.0]
[19940115.0, 19941226.0, 1.0, 1.0]
[19940116.0, 19941227.0, 1.0, 1.0]
[19940117.0, 19941228.0, 1.0, 1.0]
[19940118.0, 19941229.0, 1.0, 1.0]
[19940119.0, 19941230.0, 1.0, 1.0]
[19940121.0, 19950101.0, 1.0, 1.0]
[19940112.0, 19941223.0, 1.0, 1.0]

3



4



5



6


