selection file, result

1

[38.0, 22.0, 1.0, 1.0, 0.0, 1.0]
[38.0, 22.0, 1.0, 1.0, 1.0, 0.0]
[38.0, 21.0, 1.0, 1.0, 1.0, 1.0]

2

[38.0, 22.0, 1.0, 1.0, 0.0, 1.0]
[38.0, 22.0, 1.0, 1.0, 1.0, 0.0]
[38.0, 21.0, 1.0, 1.0, 1.0, 1.0]

3

[38.0, 22.0, 1.0, 1.0, 0.0, 1.0]
[38.0, 22.0, 1.0, 1.0, 1.0, 0.0]
[38.0, 21.0, 1.0, 1.0, 1.0, 1.0]

4

[38.0, 22.0, 1.0, 1.0, 0.0, 1.0]
[38.0, 22.0, 1.0, 1.0, 1.0, 0.0]
[38.0, 21.0, 1.0, 1.0, 1.0, 1.0]

5

[38.0, 22.0, 1.0, 1.0, 0.0, 1.0]
[38.0, 22.0, 1.0, 1.0, 1.0, 0.0]
[38.0, 21.0, 1.0, 1.0, 1.0, 1.0]

6

[38.0, 22.0, 1.0, 1.0, 0.0, 1.0]
[38.0, 22.0, 1.0, 1.0, 1.0, 0.0]
[38.0, 21.0, 1.0, 1.0, 1.0, 1.0]
