selection file, result

1

[40.0, 19.0, 0.0, 1.0]
[40.0, 19.0, 1.0, 0.0]
[40.0, 20.0, 0.0, 0.0]
[70.0, 19.0, 0.0, 0.0]

2

[40.0, 19.0, 1.0, 1.0]
[40.0, 20.0, 0.0, 0.0]
[50.0, 19.0, 0.0, 1.0]
[44.0, 19.0, 1.0, 0.0]

3

[40.0, 20.0, 0.0, 1.0]
[42.0, 19.0, 1.0, 1.0]
[50.0, 19.0, 1.0, 0.0]
[40.0, 20.0, 1.0, 0.0]
[40.0, 21.0, 0.0, 0.0]
[50.0, 20.0, 0.0, 0.0]

4

[40.0, 20.0, 1.0, 0.0]
[50.0, 19.0, 1.0, 1.0]
[40.0, 21.0, 0.0, 0.0]
[45.0, 20.0, 0.0, 1.0]

5

[40.0, 20.0, 1.0, 1.0]
[70.0, 19.0, 1.0, 1.0]
[40.0, 21.0, 0.0, 0.0]
[50.0, 20.0, 0.0, 1.0]
[45.0, 20.0, 1.0, 0.0]

6

[40.0, 20.0, 1.0, 1.0]
[40.0, 21.0, 0.0, 1.0]
[40.0, 22.0, 0.0, 0.0]
[45.0, 21.0, 0.0, 0.0]
[40.0, 21.0, 1.0, 0.0]
[50.0, 20.0, 1.0, 0.0]
