selection file, result

1

[100, 8.0, 0.0]
[108, 2.0, 5.0]
[71.0, 2.0, 4.0]
[90, 7.0, 1.0]
[95, 3.0, 4.0]
[101, 6.0, 3.0]
[88, 5.0, 3.0]
[100, 0.0, 5.0]
[101, 8.0, 1.0]

2

[100, 8.0, 0.0]
[108, 2.0, 5.0]
[71.0, 2.0, 4.0]
[90, 7.0, 1.0]
[95, 3.0, 4.0]
[101, 6.0, 3.0]
[88, 5.0, 3.0]
[100, 0.0, 5.0]
[101, 8.0, 1.0]

3

[100, 8.0, 0.0]
[108, 2.0, 5.0]
[71.0, 2.0, 4.0]
[90, 7.0, 1.0]
[95, 3.0, 4.0]
[101, 6.0, 3.0]
[88, 5.0, 3.0]
[100, 0.0, 5.0]
[101, 8.0, 1.0]

4

[100, 8.0, 0.0]
[108, 2.0, 5.0]
[71.0, 2.0, 4.0]
[90, 7.0, 1.0]
[95, 3.0, 4.0]
[101, 6.0, 3.0]
[88, 5.0, 3.0]
[100, 0.0, 5.0]
[101, 8.0, 1.0]

5

[100, 8.0, 0.0]
[110, 2.0, 5.0]
[71.0, 2.0, 4.0]
[137, 3.0, 5.0]
[79, 6.0, 1.0]
[51, 5.0, 1.0]
[155.0, 5.0, 5.0]
[101, 0.0, 5.0]
[108, 1.0, 5.0]
[103, 8.0, 1.0]

6

[100, 8.0, 0.0]
[110, 2.0, 5.0]
[71.0, 2.0, 4.0]
[137, 3.0, 5.0]
[79, 6.0, 1.0]
[51, 5.0, 1.0]
[155.0, 5.0, 5.0]
[101, 0.0, 5.0]
[108, 1.0, 5.0]
[103, 8.0, 1.0]
