selection file, result

1

[200, 3.0, 0.0, 0.0]
[201, 4.0, 1.0, 0.0]
[200, 5.0, 1.0, 0.0]
[200, 6.0, 1.0, 1.0]
[224.0, 3.0, 1.0, 0.0]
[268.0, 3.0, 1.0, 1.0]
[204.0, 5.0, 1.0, 1.0]
[226.0, 4.0, 1.0, 1.0]
[200, 4.0, 0.0, 1.0]
[204, 3.0, 0.0, 1.0]

2

[200, 3.0, 1.0, 0.0]
[200, 3.0, 0.0, 1.0]
[200, 5.0, 1.0, 1.0]
[224, 4.0, 1.0, 1.0]
[237, 3.0, 1.0, 1.0]

3

[200, 3.0, 1.0, 0.0]
[200, 3.0, 0.0, 1.0]
[200, 5.0, 1.0, 1.0]
[209, 4.0, 1.0, 1.0]
[226, 3.0, 1.0, 1.0]

4

[200, 3.0, 1.0, 0.0]
[200, 3.0, 0.0, 1.0]
[201, 4.0, 1.0, 1.0]
[200, 5.0, 1.0, 1.0]
[224.0, 3.0, 1.0, 1.0]

5

[200, 3.0, 1.0, 0.0]
[200, 3.0, 0.0, 1.0]
[200, 4.0, 1.0, 1.0]
[209, 3.0, 1.0, 1.0]

6

[200, 3.0, 1.0, 0.0]
[200, 3.0, 0.0, 1.0]
[200, 4.0, 1.0, 1.0]
[201, 3.0, 1.0, 1.0]
