selection file, result

1

[300, 1.0, 0.0, 1.0]
[300, 1.0, 1.0, 0.0]
[263, 1.0, 0.0, 0.0]

2

[300, 2.0, 0.0, 1.0]
[300, 2.0, 1.0, 0.0]
[263, 2.0, 0.0, 0.0]

3

[300, 3.0, 0.0, 1.0]
[300, 3.0, 1.0, 0.0]
[263, 3.0, 0.0, 0.0]

4

[300, 4.0, 0.0, 1.0]
[300, 4.0, 1.0, 0.0]
[263, 4.0, 0.0, 0.0]

5

[300, 5.0, 0.0, 1.0]
[300, 5.0, 1.0, 0.0]
[263, 5.0, 0.0, 0.0]

6

[300, 6.0, 0.0, 1.0]
[300, 6.0, 1.0, 0.0]
[263, 6.0, 0.0, 0.0]

7

[300, 7.0, 0.0, 1.0]
[300, 6.0, 1.0, 0.0]
[298, 7.0, 1.0, 0.0]
[263, 7.0, 0.0, 0.0]

8

[300, 8.0, 1.0, 1.0]
[300, 7.0, 0.0, 1.0]
[263, 8.0, 0.0, 1.0]
[225, 8.0, 0.0, 0.0]
[263, 7.0, 0.0, 0.0]
[298, 7.0, 1.0, 0.0]
[300, 6.0, 1.0, 0.0]
[285.0, 8.0, 1.0, 0.0]
