selection file, result

1

[14, 12.0, 1.0, 1.0, 0.0, 0.0, 1, 1.0]
[14, 12.0, 1.0, 1.0, 1.0, 0.0, 1, 0.0]
[12, 11.0, 1.0, 0.0, 0.0, 0.0, 1, 0.0]
[13, 11.0, 1.0, 0.0, 1.0, 0.0, 1, 0.0]
[11, 12.0, 1.0, 0.0, 0.0, 0.0, 1, 0.0]

2

[14, 12.0, 1.0, 1.0, 0.0, 0.0, 1, 1.0]
[14, 12.0, 1.0, 1.0, 1.0, 0.0, 1, 0.0]
[12, 11.0, 1.0, 0.0, 0.0, 0.0, 1, 0.0]
[13, 11.0, 1.0, 0.0, 1.0, 0.0, 1, 0.0]
[11, 12.0, 1.0, 0.0, 0.0, 0.0, 1, 0.0]

3

[14, 12.0, 1.0, 1.0, 0.0, 0.0, 1, 1.0]
[14, 12.0, 1.0, 1.0, 1.0, 0.0, 1, 0.0]
[12, 11.0, 1.0, 0.0, 0.0, 0.0, 1, 0.0]

4

[11, 11, 1.0, 0.0, 0.0, 0.0, 1, 0.0]
[12, 10, 1.0, 0.0, 1.0, 0.0, 1, 0.0]
[12, 11, 1.0, 0.0, 1.0, 0.0, 1, 1.0]

5

[11, 10, 1.0, 0.0, 0.0, 0.0, 1, 0.0]
[12, 10, 1.0, 0.0, 1.0, 0.0, 1, 1.0]
[11.0, 11, 1.0, 0.0, 1.0, 0.0, 1, 0.0]

6

[11, 10, 1.0, 0.0, 1.0, 0.0, 1, 0.0]
