selection file, result

0

[1, 0, 0, 19920630, 19921004]
[1, 0, 0, 19930531, 19930903]
[1, 0, 0, 19930531, 19930904]
[0, 1, 0, 19920630.0, 19930904]

1

[1, 0, 0, 19920722, 19921026]
[1, 1, 0, 19920730.0, 19921026]
[0, 0.0, 1, 19920724.0, 19940201]
[0, 1.0, 0, 19920724.0, 19940201]
[1, 0, 0, 19930624, 19930925]

2

[1, 0, 0, 19920830, 19921203]
[1, 0, 0, 19930731, 19931103]
[1, 0, 0, 19930802, 19931104]
[0, 1, 0, 19920830.0, 19931104]

3

[1, 0, 0, 19920930, 19930104]
[1, 0, 0, 19930830, 19931204]
[1, 0, 0, 19930830, 19931205]
[0, 1, 0, 19920930.0, 19931205]

4

[1, 0, 0, 19921030, 19930203]
[1, 1, 0, 19940927, 19941208]
[0, 1.0, 0, 19921030.0, 19941228]

5

[1, 0, 0, 19921121, 19930224]
[1, 1, 0, 19921130.0, 19930225]
[0, 0.0, 1, 19921123.0, 19940201]
[0, 1.0, 0, 19921123.0, 19940201]
[1, 1, 0, 19940904, 19941114]

6

[1, 0, 0, 19921121, 19930224]
[1, 1, 0, 19921215.0, 19930225]
[0, 0.0, 1, 19921123.0, 19940201]
[0, 1.0, 0, 19921123.0, 19940201]
[1, 1, 0, 19940905, 19941115]

7

[1, 0, 0, 19930117, 19930421]
[1, 1, 0, 19930130.0, 19930423]
[0, 0.0, 1, 19930119.0, 19940201]
[0, 1.0, 0, 19930119.0, 19940201]
[1, 0, 0, 19940708, 19941012]

8

[1, 0, 0, 19930117, 19930421]
[1, 1, 0, 19930129.0, 19930421]
[1, 1, 0, 19930128.0, 19930423]
[0, 0.0, 1, 19930119.0, 19940201]
[0, 1.0, 0, 19930119.0, 19940201]
[1, 0, 0, 19940709, 19941012]

9

[1, 0, 0, 19930409, 19930713]
[1, 1, 0, 19930408.0, 19930712]
[1, 1, 0, 19930407.0, 19930710]
[0, 0.0, 1, 19930407.0, 19940201]
[0, 1.0, 0, 19930407.0, 19940201]
[1, 0, 0, 19940418, 19940721]
