selection file, result

0



1



2



3



4

[19950314.0, 19950318, 1.0]
[19950315.0, 19950319, 1.0]
[19950313.0, 19950317, 1.0]

5

[19950316.0, 19950320, 1.0]
[19950317.0, 19950531, 1.0]
[19950318.0, 19950606, 1.0]
[19950319.0, 19950611, 1.0]
[19950320.0, 19950614, 1.0]
[19950321.0, 19950616, 1.0]
[19950322.0, 19950618, 1.0]
[19950323.0, 19950619, 1.0]
[19950324.0, 19950620, 1.0]
[19950325.0, 19950621, 1.0]
[19950326.0, 19950622, 1.0]
[19950327.0, 19950623, 1.0]
[19950328.0, 19950624, 1.0]
[19950329.0, 19950625, 1.0]
[19950330.0, 19950626, 1.0]
[19950401.0, 19950628, 1.0]
[19950402.0, 19950629, 1.0]
[19950314.0, 19950318, 1.0]
[19950313.0, 19950317, 1.0]
[19950315.0, 19950319, 1.0]

6

[19950316.0, 19950320, 1.0]
[19950317.0, 19950531, 1.0]
[19950318.0, 19950606, 1.0]
[19950319.0, 19950611, 1.0]
[19950320.0, 19950614, 1.0]
[19950321.0, 19950616, 1.0]
[19950322.0, 19950618, 1.0]
[19950323.0, 19950619, 1.0]
[19950324.0, 19950620, 1.0]
[19950325.0, 19950621, 1.0]
[19950326.0, 19950622, 1.0]
[19950327.0, 19950623, 1.0]
[19950328.0, 19950624, 1.0]
[19950329.0, 19950625, 1.0]
[19950330.0, 19950626, 1.0]
[19950401.0, 19950628, 1.0]
[19950402.0, 19950629, 1.0]
[19950314.0, 19950318, 1.0]
[19950313.0, 19950317, 1.0]
[19950315.0, 19950319, 1.0]

7

[19950319.0, 19950611, 1.0]
[19950320.0, 19950614, 1.0]
[19950321.0, 19950616, 1.0]
[19950322.0, 19950618, 1.0]
[19950323.0, 19950619, 1.0]
[19950324.0, 19950620, 1.0]
[19950325.0, 19950621, 1.0]
[19950326.0, 19950622, 1.0]
[19950327.0, 19950623, 1.0]
[19950328.0, 19950624, 1.0]
[19950329.0, 19950625, 1.0]
[19950330.0, 19950626, 1.0]
[19950401.0, 19950628, 1.0]
[19950402.0, 19950629, 1.0]
[19950318.0, 19950606, 1.0]
[19950317.0, 19950531, 1.0]
[19950316.0, 19950320, 1.0]
[19950315.0, 19950319, 1.0]
