selection file, result

1

[36.0, 24.0, 1.0, 1.0, 0.0, 1.0]
[37.0, 22.0, 1.0, 1.0, 1.0, 0.0]
[38.0, 22.0, 1.0, 1.0, 0.0, 1.0]
[38.0, 21.0, 1.0, 1.0, 1.0, 1.0]
[35.0, 22.0, 1.0, 1.0, 1.0, 1.0]
[37.0, 23.0, 1.0, 1.0, 0.0, 1.0]

2

[36.0, 24.0, 1.0, 1.0, 0.0, 1.0]
[37.0, 22.0, 1.0, 1.0, 1.0, 0.0]
[38.0, 22.0, 1.0, 1.0, 0.0, 1.0]
[38.0, 21.0, 1.0, 1.0, 1.0, 1.0]
[35.0, 22.0, 1.0, 1.0, 1.0, 1.0]
[37.0, 23.0, 1.0, 1.0, 0.0, 1.0]

3

[36.0, 24.0, 1.0, 1.0, 0.0, 1.0]
[37.0, 22.0, 1.0, 1.0, 1.0, 0.0]
[38.0, 22.0, 1.0, 1.0, 0.0, 1.0]
[38.0, 21.0, 1.0, 1.0, 1.0, 1.0]
[35.0, 22.0, 1.0, 1.0, 1.0, 1.0]
[37.0, 23.0, 1.0, 1.0, 0.0, 1.0]

4

[38.0, 22.0, 1.0, 1.0, 0.0, 1.0]
[38.0, 22.0, 1.0, 1.0, 1.0, 0.0]
[38.0, 21.0, 1.0, 1.0, 1.0, 1.0]

5

[39.0, 22.0, 1.0, 1.0, 0.0, 1.0]
[39.0, 22.0, 1.0, 1.0, 1.0, 0.0]
[39.0, 21.0, 1.0, 1.0, 1.0, 1.0]

6

[39.0, 22.0, 1.0, 1.0, 0.0, 1.0]
[39.0, 22.0, 1.0, 1.0, 1.0, 0.0]
[39.0, 21.0, 1.0, 1.0, 1.0, 1.0]

7

[39.0, 22.0, 1.0, 1.0, 0.0, 1.0]
[39.0, 22.0, 1.0, 1.0, 1.0, 0.0]
[39.0, 21.0, 1.0, 1.0, 1.0, 1.0]

8

[39.0, 22.0, 1.0, 1.0, 0.0, 1.0]
[39.0, 22.0, 1.0, 1.0, 1.0, 0.0]
[39.0, 21.0, 1.0, 1.0, 1.0, 1.0]
