selection file, result

1
[19950223.0, 19950409, 1.0],[19950224.0, 19950410, 1.0],[19950225.0, 19950411, 1.0],[19950226.0, 19950412, 1.0],[19950227.0, 19950413, 1.0],[19950301.0, 19950415, 1.0],[19950302.0, 19950416, 1.0],[19950221.0, 19950407, 1.0],[19950220.0, 19950406, 1.0],[19950219.0, 19950405, 1.0],[19950218.0, 19950404, 1.0],[19950217.0, 19950403, 1.0],[19950216.0, 19950402, 1.0],[19950214.0, 19950331, 1.0],[19950213.0, 19950330, 1.0],[19950222.0, 19950408, 1.0]
[19950223.0, 19950409, 1.0]
[19950224.0, 19950410, 1.0]
[19950225.0, 19950411, 1.0]
[19950226.0, 19950412, 1.0]
[19950227.0, 19950413, 1.0]
[19950301.0, 19950415, 1.0]
[19950302.0, 19950416, 1.0]
[19950221.0, 19950407, 1.0]
[19950220.0, 19950406, 1.0]
[19950219.0, 19950405, 1.0]
[19950218.0, 19950404, 1.0]
[19950217.0, 19950403, 1.0]
[19950216.0, 19950402, 1.0]
[19950214.0, 19950331, 1.0]
[19950213.0, 19950330, 1.0]
[19950222.0, 19950408, 1.0]

2
[19950227.0, 19950404, 1.0],[19950301.0, 19950406, 1.0],[19950302.0, 19950407, 1.0],[19950225.0, 19950402, 1.0],[19950223.0, 19950331, 1.0],[19950222.0, 19950330, 1.0],[19950226.0, 19950403, 1.0]
[19950227.0, 19950404, 1.0]
[19950301.0, 19950406, 1.0]
[19950302.0, 19950407, 1.0]
[19950225.0, 19950402, 1.0]
[19950223.0, 19950331, 1.0]
[19950222.0, 19950330, 1.0]
[19950226.0, 19950403, 1.0]

3
[19950303.0, 19950331, 1.0],[19950305.0, 19950402, 1.0],[19950306.0, 19950403, 1.0],[19950301.0, 19950329, 1.0],[19950227.0, 19950327, 1.0],[19950226.0, 19950326, 1.0],[19950302.0, 19950330, 1.0]
[19950303.0, 19950331, 1.0]
[19950305.0, 19950402, 1.0]
[19950306.0, 19950403, 1.0]
[19950301.0, 19950329, 1.0]
[19950227.0, 19950327, 1.0]
[19950226.0, 19950326, 1.0]
[19950302.0, 19950330, 1.0]

4
[19950307.0, 19950327, 1.0],[19950308.0, 19950328, 1.0],[19950309.0, 19950329, 1.0],[19950310.0, 19950330, 1.0],[19950311.0, 19950331, 1.0],[19950313.0, 19950402, 1.0],[19950314.0, 19950525, 1.0],[19950305.0, 19950325, 1.0],[19950304.0, 19950324, 1.0],[19950303.0, 19950323, 1.0],[19950302.0, 19950322, 1.0],[19950301.0, 19950321, 1.0],[19950227.0, 19950319, 1.0],[19950226.0, 19950318, 1.0],[19950306.0, 19950326, 1.0]
[19950307.0, 19950327, 1.0]
[19950308.0, 19950328, 1.0]
[19950309.0, 19950329, 1.0]
[19950310.0, 19950330, 1.0]
[19950311.0, 19950331, 1.0]
[19950313.0, 19950402, 1.0]
[19950314.0, 19950525, 1.0]
[19950305.0, 19950325, 1.0]
[19950304.0, 19950324, 1.0]
[19950303.0, 19950323, 1.0]
[19950302.0, 19950322, 1.0]
[19950301.0, 19950321, 1.0]
[19950227.0, 19950319, 1.0]
[19950226.0, 19950318, 1.0]
[19950306.0, 19950326, 1.0]

5
[19950311.0, 19950324, 1.0],[19950312.0, 19950325, 1.0],[19950313.0, 19950326, 1.0],[19950314.0, 19950525, 1.0],[19950315.0, 19950603, 1.0],[19950316.0, 19950608, 1.0],[19950317.0, 19950612, 1.0],[19950308.0, 19950322, 1.0],[19950307.0, 19950321, 1.0],[19950306.0, 19950320, 1.0],[19950305.0, 19950319, 1.0],[19950304.0, 19950318, 1.0],[19950303.0, 19950317, 1.0],[19950310.0, 19950323, 1.0]
[19950311.0, 19950324, 1.0]
[19950312.0, 19950325, 1.0]
[19950313.0, 19950326, 1.0]
[19950314.0, 19950525, 1.0]
[19950315.0, 19950603, 1.0]
[19950316.0, 19950608, 1.0]
[19950317.0, 19950612, 1.0]
[19950308.0, 19950322, 1.0]
[19950307.0, 19950321, 1.0]
[19950306.0, 19950320, 1.0]
[19950305.0, 19950319, 1.0]
[19950304.0, 19950318, 1.0]
[19950303.0, 19950317, 1.0]
[19950310.0, 19950323, 1.0]

6
[19950311.0, 19950324, 1.0],[19950312.0, 19950325, 1.0],[19950313.0, 19950326, 1.0],[19950314.0, 19950525, 1.0],[19950315.0, 19950603, 1.0],[19950316.0, 19950608, 1.0],[19950317.0, 19950612, 1.0],[19950308.0, 19950322, 1.0],[19950307.0, 19950321, 1.0],[19950306.0, 19950320, 1.0],[19950305.0, 19950319, 1.0],[19950304.0, 19950318, 1.0],[19950303.0, 19950317, 1.0],[19950310.0, 19950323, 1.0]
[19950311.0, 19950324, 1.0]
[19950312.0, 19950325, 1.0]
[19950313.0, 19950326, 1.0]
[19950314.0, 19950525, 1.0]
[19950315.0, 19950603, 1.0]
[19950316.0, 19950608, 1.0]
[19950317.0, 19950612, 1.0]
[19950308.0, 19950322, 1.0]
[19950307.0, 19950321, 1.0]
[19950306.0, 19950320, 1.0]
[19950305.0, 19950319, 1.0]
[19950304.0, 19950318, 1.0]
[19950303.0, 19950317, 1.0]
[19950310.0, 19950323, 1.0]
