selection file, result

1

[60.0, 16.0, 0.0, 0.0, 1.0]
[60.0, 16.0, 0.0, 1.0, 0.0]
[60.0, 16.0, 1.0, 0.0, 0.0]
[60.0, 17.0, 0.0, 0.0, 0.0]
[55.0, 16.0, 0.0, 0.0, 0.0]

2

[60.0, 16.0, 0.0, 0.0, 1.0]
[60.0, 16.0, 0.0, 1.0, 0.0]
[60.0, 16.0, 1.0, 0.0, 0.0]
[60.0, 18.0, 0.0, 0.0, 0.0]
[56.0, 17.0, 0.0, 0.0, 0.0]
[55.0, 16.0, 0.0, 0.0, 0.0]

3

[60.0, 16.0, 0.0, 0.0, 1.0]
[60.0, 16.0, 0.0, 1.0, 0.0]
[60.0, 16.0, 1.0, 0.0, 0.0]
[60.0, 18.0, 0.0, 0.0, 0.0]
[55.0, 17.0, 0.0, 0.0, 0.0]
[52.0, 16.0, 0.0, 0.0, 0.0]

4

[60.0, 16.0, 0.0, 0.0, 1.0]
[60.0, 16.0, 0.0, 1.0, 0.0]
[60.0, 16.0, 1.0, 0.0, 0.0]
[58.0, 18.0, 0.0, 0.0, 0.0]
[60.0, 19.0, 0.0, 0.0, 0.0]
[50.0, 16.0, 0.0, 0.0, 0.0]
[54.0, 17.0, 0.0, 0.0, 0.0]

5

[60.0, 16.0, 0.0, 0.0, 1.0]
[60.0, 16.0, 0.0, 1.0, 0.0]
[60.0, 16.0, 1.0, 0.0, 0.0]
[60.0, 19.0, 0.0, 0.0, 0.0]
[56.0, 18.0, 0.0, 0.0, 0.0]
[52.0, 17.0, 0.0, 0.0, 0.0]
[50.0, 16.0, 0.0, 0.0, 0.0]

6

[60.0, 16.0, 0.0, 0.0, 1.0]
[60.0, 16.0, 0.0, 1.0, 0.0]
[60.0, 16.0, 1.0, 0.0, 0.0]
[60.0, 19.0, 0.0, 0.0, 0.0]
[55.0, 18.0, 0.0, 0.0, 0.0]
[50.0, 16.0, 0.0, 0.0, 0.0]
