selection file, result

0

[550, 691.5565275936852, 550, 700]
[550.4568120950637, 693.3256376377369, 550, 700]
[550.7701858132347, 695.3666785178068, 550, 700]
[550.0, 695.3666785178068, 550, 691.787058094757]
[550.0, 695.3666785178068, 541.7576118208159, 700.0]
[550.0, 695.3666785178068, 542.7923584210265, 700.2892147224675]
[550.0, 695.3666785178068, 547.3004369958256, 692.250467456907]
[553.9521421123593, 700.0, 550, 700]
[550.8455795335736, 700.0, 550, 700.2892147224675]
[550.8455795335736, 700.0, 547.3004369958256, 700.0]
[550.0, 700.0, 550, 691.5007044653743]
[550.0, 700.0, 538.5814245121524, 700.0]
[550.0, 700.0, 539.6996296589022, 700.2892147224675]
[550.0, 700.0, 541.7576118208159, 694.2443974750298]
[550.0, 700.0, 542.7923584210265, 692.250467456907]
[550.0, 700.0, 547.3004369958256, 691.568213672004]

1

[550, 715.4571349863699, 550, 700]
[550.4568120950637, 688.0005949240169, 550, 700]
[550.0, 688.0005949240169, 550, 689.6832695235115]
[550.0, 688.0005949240169, 541.7576118208159, 700.0]
[550.0, 688.0005949240169, 542.7923584210265, 700.2892147224675]
[550.0, 688.0005949240169, 547.3004369958256, 691.2808960276791]
[553.9521421123593, 693.3256376377369, 550, 700]
[550.8455795335736, 693.3256376377369, 550, 700.2892147224675]
[550.8455795335736, 693.3256376377369, 547.3004369958256, 700.0]
[550.0, 693.3256376377369, 550, 680.8706856479625]
[550.0, 693.3256376377369, 538.5814245121524, 700.0]
[550.0, 693.3256376377369, 539.6996296589022, 700.2892147224675]
[550.0, 693.3256376377369, 541.7576118208159, 691.568213672004]
[550.0, 693.3256376377369, 542.7923584210265, 691.2808960276791]
[550.0, 693.3256376377369, 547.3004369958256, 688.1772866041098]
[578.7878484991002, 695.3666785178068, 550, 700]
[550.0, 695.3666785178068, 550, 680.2570325097079]
[550.0, 695.3666785178068, 521.9332148574282, 700.2892147224675]
[550.0, 695.3666785178068, 522.58570995384, 694.5086759542073]
[550.0, 695.3666785178068, 538.4714294748608, 691.568213672004]
[550.0, 695.3666785178068, 538.5814245121524, 691.2808960276791]
[550.0, 695.3666785178068, 539.6996296589022, 689.7284087215313]
[550.0, 695.3666785178068, 558.0415824295998, 688.1772866041098]
[550.0, 695.3666785178068, 547.3004369958256, 680.3231421919766]
[580.9060469026633, 700.0, 550, 700]
[580.3744512713265, 700.0, 550, 700.2892147224675]
[580.3744512713265, 700.0, 547.3004369958256, 700.0]
[578.7878484991002, 700.0, 550, 695.2514213553959]
[578.7878484991002, 700.0, 543.148052719581, 700.0]
[578.7878484991002, 700.0, 547.3004369958256, 700.2892147224675]
[550.0, 700.0, 550, 676.2750263533321]
[550.0, 700.0, 520.1489719722903, 700.0]
[550.0, 700.0, 520.3953516573256, 700.2892147224675]
[550.0, 700.0, 521.9332148574282, 694.5086759542073]
[550.0, 700.0, 522.58570995384, 694.2443974750298]
[550.0, 700.0, 525.3613313781495, 692.250467456907]
[550.0, 700.0, 526.6959183335944, 691.568213672004]
[550.0, 700.0, 538.4714294748608, 691.2808960276791]
[550.0, 700.0, 538.5814245121524, 689.7284087215313]
[550.0, 700.0, 539.6996296589022, 688.1772866041098]
[550.0, 700.0, 558.0415824295998, 680.3231421919766]
[550.0, 700.0, 547.3004369958256, 680.2182009642229]

2

[550, 719.5381056364099, 550, 700]
[550.4568120950637, 719.2617037554866, 550, 700]
[550.0, 719.2617037554866, 547.3004369958256, 700.0]
[550.0, 719.2617037554866, 549.5112783062435, 700.2892147224675]
[550.0, 719.2617037554866, 549.7229658251488, 692.5485357679539]
[550.7701858132347, 716.6870161779555, 550, 700]
[550.0, 716.6870161779555, 550, 692.4174082324068]
[550.0, 716.6870161779555, 541.7576118208159, 700.0]
[550.0, 716.6870161779555, 547.3004369958256, 700.2892147224675]
[550.0, 716.6870161779555, 549.5112783062435, 692.5485357679539]
[550.8455795335736, 715.906794988636, 550, 700]
[550.0, 715.906794988636, 550, 691.787058094757]
[550.0, 715.906794988636, 539.6996296589022, 700.0]
[550.0, 715.906794988636, 541.7576118208159, 700.2892147224675]
[550.0, 715.906794988636, 547.3004369958256, 692.5485357679539]
[550.0, 715.906794988636, 549.5112783062435, 692.250467456907]
[580.9060469026633, 691.5565275936852, 550, 700]
[580.3744512713265, 691.5565275936852, 550, 700.2892147224675]
[580.3744512713265, 691.5565275936852, 547.3004369958256, 700.0]
[578.7878484991002, 691.5565275936852, 550, 695.4801284420064]
[578.7878484991002, 691.5565275936852, 543.148052719581, 700.0]
[578.7878484991002, 691.5565275936852, 547.3004369958256, 700.2892147224675]
[550.0, 691.5565275936852, 550, 671.7230706722088]
[550.0, 691.5565275936852, 538.4714294748608, 688.1772866041098]
[550.0, 691.5565275936852, 538.5814245121524, 680.3231421919766]
[550.0, 691.5565275936852, 558.0415824295998, 680.2182009642229]
[550.0, 691.5565275936852, 547.3004369958256, 672.461144131236]
[582.8338926842528, 693.3256376377369, 550, 700]
[550.0, 693.3256376377369, 550, 665.0062080144454]
[550.0, 693.3256376377369, 538.4714294748608, 680.3231421919766]
[550.0, 693.3256376377369, 538.5814245121524, 680.2182009642229]
[550.0, 693.3256376377369, 539.6996296589022, 675.4755620298091]
[550.0, 693.3256376377369, 541.7576118208159, 672.461144131236]
[550.0, 693.3256376377369, 547.3004369958256, 671.7230706722088]
[589.7770191266608, 695.3666785178068, 550, 700]
[550.0, 695.3666785178068, 550, 664.4991889311063]
[550.0, 695.3666785178068, 555.6940957300236, 671.7230706722088]
[550.0, 695.3666785178068, 547.3004369958256, 664.8238270817069]
[590.4071055583552, 700.0, 550, 700]
[550.0, 700.0, 550, 663.610774737495]
[550.0, 700.0, 511.3574777971175, 700.0]
[550.0, 700.0, 511.58219057318416, 700.2892147224675]
[550.0, 700.0, 520.1489719722903, 694.5086759542073]
[550.0, 700.0, 520.3953516573256, 694.2443974750298]
[550.0, 700.0, 521.9332148574282, 692.892287576169]
[550.0, 700.0, 522.58570995384, 691.2808960276791]
[550.0, 700.0, 573.7881341747449, 689.7284087215313]
[550.0, 700.0, 571.0984997956673, 688.1772866041098]
[550.0, 700.0, 571.0157002109404, 680.2182009642229]
[550.0, 700.0, 538.4714294748608, 675.4755620298091]
[550.0, 700.0, 539.6996296589022, 673.5813149185411]
[550.0, 700.0, 555.6940957300236, 664.8238270817069]
[550.0, 700.0, 547.3004369958256, 664.0430376670375]

3

[550, 655.7214643852375, 550, 700]
[550.4568120950637, 666.5696770770486, 550, 700]
[550.7701858132347, 674.1766795951326, 550, 700]
[550.0, 674.1766795951326, 550, 690.2349725291137]
[550.0, 674.1766795951326, 541.7576118208159, 700.0]
[550.0, 674.1766795951326, 556.1875368582988, 700.2892147224675]
[550.0, 674.1766795951326, 547.3004369958256, 691.2808960276791]
[590.1012824505286, 691.5565275936852, 550, 700]
[589.7770191266608, 691.5565275936852, 550, 700.2892147224675]
[589.7770191266608, 691.5565275936852, 547.3004369958256, 700.0]
[550.0, 691.5565275936852, 550, 663.0422285558748]
[550.0, 691.5565275936852, 575.1555527317648, 680.2182009642229]
[550.0, 691.5565275936852, 571.0157002109404, 671.7230706722088]
[550.0, 691.5565275936852, 555.6940957300236, 664.0430376670375]
[550.0, 691.5565275936852, 547.3004369958256, 663.0983784562025]
[590.4071055583552, 693.3256376377369, 550, 700]
[550.0, 693.3256376377369, 550, 657.5460551298739]
[550.0, 693.3256376377369, 521.9332148574282, 688.1772866041098]
[550.0, 693.3256376377369, 522.58570995384, 680.2182009642229]
[550.0, 693.3256376377369, 525.3613313781495, 675.4755620298091]
[550.0, 693.3256376377369, 571.0984997956673, 673.5813149185411]
[550.0, 693.3256376377369, 538.4714294748608, 664.8238270817069]
[550.0, 693.3256376377369, 539.6996296589022, 664.0430376670375]
[550.0, 693.3256376377369, 555.6940957300236, 663.0983784562025]
[550.0, 693.3256376377369, 547.3004369958256, 662.4029380227664]
[591.4101833497962, 695.3666785178068, 550, 700]
[550.0, 695.3666785178068, 550, 657.4537015737416]
[550.0, 695.3666785178068, 538.4714294748608, 664.0430376670375]
[550.0, 695.3666785178068, 539.6996296589022, 663.0983784562025]
[550.0, 695.3666785178068, 555.6940957300236, 662.4029380227664]
[550.0, 695.3666785178068, 547.3004369958256, 657.5460551298739]
[593.6921414554369, 700.0, 550, 700]
[591.4224674792076, 700.0, 550, 700.2892147224675]
[591.4224674792076, 700.0, 547.3004369958256, 700.0]
[591.4101833497962, 700.0, 550, 694.4955901835144]
[550.0, 700.0, 550, 657.1633809775755]
[550.0, 700.0, 501.95528836010743, 700.0]
[550.0, 700.0, 507.0200937584928, 700.2892147224675]
[550.0, 700.0, 511.0765842413609, 694.5086759542073]
[550.0, 700.0, 511.3574777971175, 694.2443974750298]
[550.0, 700.0, 511.58219057318416, 692.892287576169]
[550.0, 700.0, 517.3466402426046, 691.2808960276791]
[550.0, 700.0, 520.1489719722903, 689.7284087215313]
[550.0, 700.0, 520.3953516573256, 688.1772866041098]
[550.0, 700.0, 521.9332148574282, 680.2182009642229]
[550.0, 700.0, 522.58570995384, 675.4755620298091]
[550.0, 700.0, 573.7881341747449, 673.5813149185411]
[550.0, 700.0, 571.0984997956673, 664.8238270817069]
[550.0, 700.0, 571.0157002109404, 664.0430376670375]
[550.0, 700.0, 538.4714294748608, 663.0983784562025]
[550.0, 700.0, 539.6996296589022, 662.4029380227664]
[550.0, 700.0, 555.6940957300236, 657.5460551298739]
[550.0, 700.0, 547.3004369958256, 657.1841786580059]

4

[550, 654.0249702959042, 550, 700]
[550.4568120950637, 654.5926664905206, 550, 700]
[550.0, 654.5926664905206, 550, 686.8887419056723]
[550.0, 654.5926664905206, 541.7576118208159, 700.2892147224675]
[550.0, 654.5926664905206, 547.3004369958256, 686.9455414169357]
[589.7770191266608, 716.6870161779555, 550, 700]
[550.0, 716.6870161779555, 550, 663.610774737495]
[550.0, 716.6870161779555, 520.1489719722903, 700.0]
[550.0, 716.6870161779555, 520.3953516573256, 700.2892147224675]
[550.0, 716.6870161779555, 521.2410872951576, 694.2443974750298]
[550.0, 716.6870161779555, 521.9332148574282, 692.892287576169]
[550.0, 716.6870161779555, 522.58570995384, 691.568213672004]
[550.0, 716.6870161779555, 525.3613313781495, 691.2808960276791]
[550.0, 716.6870161779555, 526.6959183335944, 689.7284087215313]
[550.0, 716.6870161779555, 571.0984997956673, 688.659393261266]
[550.0, 716.6870161779555, 538.4714294748608, 688.1772866041098]
[550.0, 716.6870161779555, 539.6996296589022, 680.2182009642229]
[550.0, 716.6870161779555, 547.3004369958256, 675.4755620298091]
[550.0, 716.6870161779555, 549.5112783062435, 671.7230706722088]
[590.1012824505286, 715.906794988636, 550, 700]
[589.7770191266608, 715.906794988636, 550, 700.2892147224675]
[589.7770191266608, 715.906794988636, 549.5112783062435, 700.0]
[550.0, 715.906794988636, 550, 663.0422285558748]
[550.0, 715.906794988636, 511.3574777971175, 700.0]
[550.0, 715.906794988636, 520.1489719722903, 700.2892147224675]
[550.0, 715.906794988636, 520.3953516573256, 694.2443974750298]
[550.0, 715.906794988636, 521.2410872951576, 692.892287576169]
[550.0, 715.906794988636, 521.9332148574282, 691.568213672004]
[550.0, 715.906794988636, 522.58570995384, 691.2808960276791]
[550.0, 715.906794988636, 525.3613313781495, 689.7284087215313]
[550.0, 715.906794988636, 526.6959183335944, 688.659393261266]
[550.0, 715.906794988636, 571.0984997956673, 688.1772866041098]
[550.0, 715.906794988636, 538.4714294748608, 680.2182009642229]
[550.0, 715.906794988636, 539.6996296589022, 675.4755620298091]
[550.0, 715.906794988636, 547.3004369958256, 671.7230706722088]
[550.0, 715.906794988636, 549.5112783062435, 663.0983784562025]
[593.6921414554369, 691.5565275936852, 550, 700]
[591.4224674792076, 691.5565275936852, 550, 700.2892147224675]
[591.4224674792076, 691.5565275936852, 547.3004369958256, 700.0]
[591.4101833497962, 691.5565275936852, 550, 695.2514213553959]
[550.0, 691.5565275936852, 550, 653.1878219249605]
[550.0, 691.5565275936852, 501.95528836010743, 692.892287576169]
[550.0, 691.5565275936852, 521.9332148574282, 664.0430376670375]
[550.0, 691.5565275936852, 555.6940957300236, 656.9934273762641]
[550.0, 691.5565275936852, 547.3004369958256, 653.1958715554533]
[593.9036326906627, 693.3256376377369, 550, 700]
[595.6096688615308, 695.3666785178068, 550, 700]
[593.9036326906627, 695.3666785178068, 550, 700.2892147224675]
[593.9036326906627, 695.3666785178068, 547.3004369958256, 700.0]
[550.0, 695.3666785178068, 538.4714294748608, 657.1841786580059]
[550.0, 695.3666785178068, 539.6996296589022, 656.9934273762641]
[596.920644549208, 700.0, 550, 700]
[596.0893732576328, 700.0, 550, 700.2892147224675]
[596.0893732576328, 700.0, 547.3004369958256, 700.0]
[595.6096688615308, 700.0, 550, 694.1932175311072]
[595.6096688615308, 700.0, 546.5015487832233, 700.0]
[595.6096688615308, 700.0, 547.3004369958256, 700.2892147224675]
[593.9036326906627, 700.0, 550, 691.787058094757]
[593.9036326906627, 700.0, 543.4529435262713, 700.0]
[593.9036326906627, 700.0, 546.5015487832233, 700.2892147224675]
[593.9036326906627, 700.0, 547.3004369958256, 692.250467456907]
[550.0, 700.0, 550, 653.1768677474067]
[550.0, 700.0, 479.661540842405, 700.0]
[550.0, 700.0, 479.9530696934488, 700.2892147224675]
[550.0, 700.0, 480.2273104219459, 694.5086759542073]
[550.0, 700.0, 480.93526250767445, 694.2443974750298]
[550.0, 700.0, 480.93575043760063, 692.892287576169]
[550.0, 700.0, 501.95528836010743, 691.2808960276791]
[550.0, 700.0, 511.0765842413609, 689.7284087215313]
[550.0, 700.0, 511.3574777971175, 688.1772866041098]
[550.0, 700.0, 511.58219057318416, 680.2182009642229]
[550.0, 700.0, 517.3466402426046, 675.4755620298091]
[550.0, 700.0, 520.1489719722903, 673.5813149185411]
[550.0, 700.0, 520.3953516573256, 664.8238270817069]
[550.0, 700.0, 520.7523380906788, 664.0430376670375]
[550.0, 700.0, 521.9332148574282, 663.2083197007288]
[550.0, 700.0, 573.7881341747449, 663.0983784562025]
[550.0, 700.0, 571.0984997956673, 662.4029380227664]
[550.0, 700.0, 571.0157002109404, 657.5460551298739]
[550.0, 700.0, 570.5959077941128, 657.1841786580059]
[550.0, 700.0, 538.4714294748608, 656.9934273762641]
[550.0, 700.0, 539.6996296589022, 653.5969415306386]
[550.0, 700.0, 555.6940957300236, 653.1958715554533]
[550.0, 700.0, 547.3004369958256, 653.1878219249605]

5

[550, 651.2203412648121, 550, 700]
[590.4071055583552, 719.2617037554866, 550, 700]
[550.0, 719.2617037554866, 550, 658.0773516623955]
[550.0, 719.2617037554866, 511.3574777971175, 700.0]
[550.0, 719.2617037554866, 520.1489719722903, 700.2892147224675]
[550.0, 719.2617037554866, 520.3953516573256, 694.2443974750298]
[550.0, 719.2617037554866, 521.2410872951576, 692.892287576169]
[550.0, 719.2617037554866, 521.9332148574282, 691.568213672004]
[550.0, 719.2617037554866, 522.58570995384, 691.2808960276791]
[550.0, 719.2617037554866, 525.3613313781495, 689.7284087215313]
[550.0, 719.2617037554866, 526.6959183335944, 688.659393261266]
[550.0, 719.2617037554866, 538.4714294748608, 688.1772866041098]
[550.0, 719.2617037554866, 539.6996296589022, 680.2182009642229]
[550.0, 719.2617037554866, 547.3004369958256, 675.4755620298091]
[550.0, 719.2617037554866, 549.5112783062435, 663.0983784562025]
[550.0, 719.2617037554866, 549.7229658251488, 662.4029380227664]
[591.4101833497962, 716.6870161779555, 550, 700]
[550.0, 716.6870161779555, 550, 657.4537015737416]
[550.0, 716.6870161779555, 511.0765842413609, 700.0]
[550.0, 716.6870161779555, 511.3574777971175, 700.2892147224675]
[550.0, 716.6870161779555, 517.3466402426046, 694.2443974750298]
[550.0, 716.6870161779555, 520.1489719722903, 692.892287576169]
[550.0, 716.6870161779555, 520.3953516573256, 691.568213672004]
[550.0, 716.6870161779555, 521.2410872951576, 691.2808960276791]
[550.0, 716.6870161779555, 521.9332148574282, 689.7284087215313]
[550.0, 716.6870161779555, 522.58570995384, 688.659393261266]
[550.0, 716.6870161779555, 525.3613313781495, 688.1772866041098]
[550.0, 716.6870161779555, 526.6959183335944, 680.2182009642229]
[550.0, 716.6870161779555, 571.0984997956673, 675.4755620298091]
[550.0, 716.6870161779555, 538.4714294748608, 663.0983784562025]
[550.0, 716.6870161779555, 539.6996296589022, 662.4029380227664]
[550.0, 716.6870161779555, 547.3004369958256, 657.561809398924]
[550.0, 716.6870161779555, 549.5112783062435, 657.5460551298739]
[591.4224674792076, 715.906794988636, 550, 700]
[591.4101833497962, 715.906794988636, 550, 700.2892147224675]
[550.0, 715.906794988636, 550, 657.1633809775755]
[550.0, 715.906794988636, 507.0200937584928, 700.0]
[550.0, 715.906794988636, 511.0765842413609, 700.2892147224675]
[550.0, 715.906794988636, 511.3574777971175, 694.2443974750298]
[550.0, 715.906794988636, 517.3466402426046, 692.892287576169]
[550.0, 715.906794988636, 520.1489719722903, 691.568213672004]
[550.0, 715.906794988636, 520.3953516573256, 691.2808960276791]
[550.0, 715.906794988636, 521.2410872951576, 689.7284087215313]
[550.0, 715.906794988636, 521.9332148574282, 688.659393261266]
[550.0, 715.906794988636, 522.58570995384, 688.1772866041098]
[550.0, 715.906794988636, 525.3613313781495, 680.2182009642229]
[550.0, 715.906794988636, 526.6959183335944, 675.4755620298091]
[550.0, 715.906794988636, 571.0984997956673, 663.0983784562025]
[550.0, 715.906794988636, 538.4714294748608, 662.4029380227664]
[550.0, 715.906794988636, 539.6996296589022, 657.561809398924]
[550.0, 715.906794988636, 547.3004369958256, 657.5460551298739]
[550.0, 715.906794988636, 549.5112783062435, 657.1841786580059]
[596.0893732576328, 691.5565275936852, 550, 700]
[595.6096688615308, 691.5565275936852, 550, 700.2892147224675]
[595.6096688615308, 691.5565275936852, 547.3004369958256, 700.0]
[593.9036326906627, 691.5565275936852, 550, 694.4955901835144]
[593.9036326906627, 691.5565275936852, 546.5015487832233, 700.0]
[593.9036326906627, 691.5565275936852, 547.3004369958256, 700.2892147224675]
[550.0, 691.5565275936852, 642.5914697056215, 696.0286941579541]
[550.0, 691.5565275936852, 631.226300698865, 694.5086759542073]
[550.0, 691.5565275936852, 479.65606454006974, 692.892287576169]
[596.920644549208, 693.3256376377369, 550, 700]
[596.0893732576328, 693.3256376377369, 550, 700.2892147224675]
[596.0893732576328, 693.3256376377369, 547.3004369958256, 700.0]
[595.6096688615308, 693.3256376377369, 546.5015487832233, 700.0]
[595.6096688615308, 693.3256376377369, 547.3004369958256, 700.2892147224675]
[593.9036326906627, 693.3256376377369, 543.4529435262713, 700.0]
[593.9036326906627, 693.3256376377369, 546.5015487832233, 700.2892147224675]
[550.0, 693.3256376377369, 654.8156662555742, 700.0]
[550.0, 693.3256376377369, 643.3548392174279, 700.2892147224675]
[550.0, 693.3256376377369, 642.5914697056215, 694.5086759542073]
[550.0, 693.3256376377369, 631.226300698865, 692.892287576169]
[654.74381254322, 695.3666785178068, 550, 700]
[596.920644549208, 695.3666785178068, 550, 701.5168099134319]
[596.0893732576328, 695.3666785178068, 550, 691.787058094757]
[596.0893732576328, 695.3666785178068, 546.5015487832233, 700.0]
[596.0893732576328, 695.3666785178068, 547.3004369958256, 700.2892147224675]
[595.6096688615308, 695.3666785178068, 550, 691.5007044653743]
[595.6096688615308, 695.3666785178068, 543.4529435262713, 700.0]
[595.6096688615308, 695.3666785178068, 546.5015487832233, 700.2892147224675]
[595.6096688615308, 695.3666785178068, 547.3004369958256, 691.568213672004]
[593.9036326906627, 695.3666785178068, 550, 689.6832695235115]
[593.9036326906627, 695.3666785178068, 543.148052719581, 700.0]
[593.9036326906627, 695.3666785178068, 543.4529435262713, 700.2892147224675]
[593.9036326906627, 695.3666785178068, 546.5015487832233, 691.568213672004]
[593.9036326906627, 695.3666785178068, 547.3004369958256, 690.9041783304546]
[550.0, 695.3666785178068, 655.5211197592461, 700.0]
[550.0, 695.3666785178068, 654.8156662555742, 700.2892147224675]
[550.0, 695.3666785178068, 643.3548392174279, 694.5086759542073]
[550.0, 695.3666785178068, 642.5914697056215, 692.892287576169]
[655.7064710159074, 700.0, 550, 700]
[655.578285894312, 700.0, 550, 701.5168099134319]
[580.3744512713265, 700.0, 550, 657.5460551298739]
[580.3744512713265, 700.0, 479.661540842405, 700.0]
[580.3744512713265, 700.0, 479.9530696934488, 700.2892147224675]
[580.3744512713265, 700.0, 511.0765842413609, 702.7988574715746]
[580.3744512713265, 700.0, 573.7881341747449, 694.5086759542073]
[580.3744512713265, 700.0, 571.0984997956673, 694.2443974750298]
[580.3744512713265, 700.0, 571.0157002109404, 693.526455377956]
[580.3744512713265, 700.0, 570.5959077941128, 689.890096129436]
[580.3744512713265, 700.0, 570.1201645011615, 689.8353307247493]
[580.3744512713265, 700.0, 538.0298320197837, 689.7284087215313]
[580.3744512713265, 700.0, 547.3004369958256, 688.1772866041098]
[578.7878484991002, 700.0, 550, 657.4537015737416]
[578.7878484991002, 700.0, 655.4481609122112, 700.0]
[578.7878484991002, 700.0, 654.8156662555742, 700.2892147224675]
[578.7878484991002, 700.0, 645.9134347618668, 694.5086759542073]
[578.7878484991002, 700.0, 511.3574777971175, 694.2443974750298]
[578.7878484991002, 700.0, 511.58219057318416, 692.250467456907]
[578.7878484991002, 700.0, 520.1489719722903, 691.568213672004]
[578.7878484991002, 700.0, 520.3953516573256, 690.9041783304546]
[578.7878484991002, 700.0, 523.4634060806537, 688.1772866041098]
[578.7878484991002, 700.0, 526.6959183335944, 679.8800512343665]
[578.7878484991002, 700.0, 526.8243021836493, 675.4755620298091]
[578.7878484991002, 700.0, 538.4714294748608, 665.1984592046862]
[578.7878484991002, 700.0, 538.5814245121524, 664.6778249061296]
[578.7878484991002, 700.0, 539.6996296589022, 664.0430376670375]
[578.7878484991002, 700.0, 542.7923584210265, 662.0616955430146]
[578.7878484991002, 700.0, 543.148052719581, 661.3531190083693]
[578.7878484991002, 700.0, 547.3004369958256, 661.247901121688]
[550.0, 700.0, 550, 635.2069222379708]
[550.0, 700.0, 665.1749601453781, 700.0]
[550.0, 700.0, 664.6778249061296, 700.2892147224675]
[550.0, 700.0, 660.4769396138016, 694.5086759542073]
[550.0, 700.0, 656.1509935045294, 694.2443974750298]
[550.0, 700.0, 479.65606454006974, 692.250467456907]
[550.0, 700.0, 479.661540842405, 691.568213672004]
[550.0, 700.0, 479.9530696934488, 691.2808960276791]
[550.0, 700.0, 480.2273104219459, 689.7284087215313]
[550.0, 700.0, 480.93526250767445, 688.1772866041098]
[550.0, 700.0, 507.0200937584928, 680.3231421919766]
[550.0, 700.0, 507.0766192539334, 680.2182009642229]
[550.0, 700.0, 511.0765842413609, 675.4755620298091]
[550.0, 700.0, 511.3574777971175, 672.461144131236]
[550.0, 700.0, 511.58219057318416, 671.7230706722088]
[550.0, 700.0, 520.1489719722903, 664.6778249061296]
[550.0, 700.0, 520.3953516573256, 664.5008262643263]
[550.0, 700.0, 521.9332148574282, 664.0430376670375]
[550.0, 700.0, 522.58570995384, 663.0983784562025]
[550.0, 700.0, 525.3613313781495, 662.4029380227664]
[550.0, 700.0, 526.6959183335944, 657.5460551298739]
[550.0, 700.0, 538.4714294748608, 657.1841786580059]
[550.0, 700.0, 538.5814245121524, 656.9934273762641]
[550.0, 700.0, 539.6996296589022, 653.1958715554533]
[550.0, 700.0, 558.0415824295998, 653.1878219249605]
[550.0, 700.0, 547.3004369958256, 652.9131205488865]