selection file, result

4



5



6



7



8

[19950313.0, 19950317, 1.0]
[19950314.0, 19950318, 1.0]
[19950315.0, 19950530, 1.0]
[19950311.0, 19950315, 1.0]
[19950312.0, 19950316, 1.0]

9

[19950314.0, 19950318, 1.0]
[19950315.0, 19950530, 1.0]
[19950316.0, 19950607, 1.0]
[19950317.0, 19950612, 1.0]
[19950318.0, 19950615, 1.0]
[19950319.0, 19950618, 1.0]
[19950321.0, 19950619, 1.0]
[19950322.0, 19950620, 1.0]
[19950312.0, 19950316, 1.0]
[19950311.0, 19950315, 1.0]
[19950313.0, 19950317, 1.0]

10

[19950314.0, 19950318, 1.0]
[19950315.0, 19950530, 1.0]
[19950316.0, 19950607, 1.0]
[19950317.0, 19950612, 1.0]
[19950318.0, 19950615, 1.0]
[19950319.0, 19950618, 1.0]
[19950321.0, 19950619, 1.0]
[19950322.0, 19950620, 1.0]
[19950312.0, 19950316, 1.0]
[19950311.0, 19950315, 1.0]
[19950313.0, 19950317, 1.0]

11

[19950314.0, 19950318, 1.0]
[19950315.0, 19950530, 1.0]
[19950316.0, 19950607, 1.0]
[19950317.0, 19950612, 1.0]
[19950318.0, 19950615, 1.0]
[19950319.0, 19950618, 1.0]
[19950321.0, 19950619, 1.0]
[19950322.0, 19950620, 1.0]
[19950312.0, 19950316, 1.0]
[19950311.0, 19950315, 1.0]
[19950313.0, 19950317, 1.0]
