selection file, result

1

[178, 1.0, 0.0, 0.0, 1.0, 0.0]
[162, 2.0, 0.0, 0.0, 0.0, 1.0]
[210, 2.0, 0.0, 1.0, 0.0, 1.0]
[207, 0.0, 0.0, 1.0, 0.0, 0.0]
[160.0, 2.0, 0.0, 0.0, 1.0, 0.0]
[131.0, 3.0, 0.0, 0.0, 1.0, 0.0]
[134.0, 3.0, 0.0, 0.0, 0.0, 1.0]
[167.0, 4.0, 0.0, 1.0, 1.0, 0.0]

2

[178, 1.0, 0.0, 0.0, 1.0, 0.0]
[162, 2.0, 0.0, 0.0, 0.0, 1.0]
[210, 2.0, 0.0, 1.0, 0.0, 1.0]
[207, 0.0, 0.0, 1.0, 0.0, 0.0]
[160.0, 2.0, 0.0, 0.0, 1.0, 0.0]
[131.0, 3.0, 0.0, 0.0, 1.0, 0.0]
[134.0, 3.0, 0.0, 0.0, 0.0, 1.0]
[167.0, 4.0, 0.0, 1.0, 1.0, 0.0]

3

[178, 1.0, 0.0, 0.0, 1.0, 0.0]
[162, 2.0, 0.0, 0.0, 0.0, 1.0]
[210, 2.0, 0.0, 1.0, 0.0, 1.0]
[207, 0.0, 0.0, 1.0, 0.0, 0.0]
[160.0, 2.0, 0.0, 0.0, 1.0, 0.0]
[131.0, 3.0, 0.0, 0.0, 1.0, 0.0]
[134.0, 3.0, 0.0, 0.0, 0.0, 1.0]
[167.0, 4.0, 0.0, 1.0, 1.0, 0.0]

4

[176, 1.0, 0.0, 0.0, 1.0, 0.0]
[162, 2.0, 0.0, 0.0, 0.0, 1.0]
[167, 4.0, 0.0, 1.0, 0.0, 1.0]
[181, 1.0, 0.0, 1.0, 0.0, 0.0]
[129.0, 3.0, 0.0, 0.0, 0.0, 1.0]
[160.0, 4.0, 0.0, 1.0, 1.0, 0.0]

5

[176, 1.0, 0.0, 0.0, 1.0, 0.0]
[162, 2.0, 0.0, 0.0, 0.0, 1.0]
[167, 4.0, 0.0, 1.0, 0.0, 1.0]
[181, 1.0, 0.0, 1.0, 0.0, 0.0]
[129.0, 3.0, 0.0, 0.0, 0.0, 1.0]
[160.0, 4.0, 0.0, 1.0, 1.0, 0.0]

6

[176, 1.0, 0.0, 0.0, 1.0, 0.0]
[162, 2.0, 0.0, 0.0, 0.0, 1.0]
[167, 4.0, 0.0, 1.0, 0.0, 1.0]
[181, 1.0, 0.0, 1.0, 0.0, 0.0]
[129.0, 3.0, 0.0, 0.0, 0.0, 1.0]
[160.0, 4.0, 0.0, 1.0, 1.0, 0.0]
