selection file, result

2

[107, 3.0, 0.0, 0.0, 1.0, 0.0]
[100, 3.0, 0.0, 0.0, 0.0, 1.0]

3

[150, 2.0, 0.0, 0.0, 1.0, 0.0]
[150, 2.0, 0.0, 0.0, 0.0, 1.0]
[134, 3.0, 0.0, 0.0, 0.0, 1.0]
[131, 3.0, 0.0, 0.0, 1.0, 0.0]

4

[178, 1.0, 0.0, 0.0, 1.0, 0.0]
[162, 2.0, 0.0, 0.0, 0.0, 1.0]
[210, 2.0, 0.0, 1.0, 0.0, 1.0]
[207, 0.0, 0.0, 1.0, 0.0, 0.0]
[160.0, 2.0, 0.0, 0.0, 1.0, 0.0]
[131.0, 3.0, 0.0, 0.0, 1.0, 0.0]
[134.0, 3.0, 0.0, 0.0, 0.0, 1.0]
[167.0, 4.0, 0.0, 1.0, 1.0, 0.0]

5

[178, 1.0, 0.0, 0.0, 1.0, 0.0]
[162, 2.0, 0.0, 0.0, 0.0, 1.0]
[221, 2.0, 0.0, 1.0, 0.0, 1.0]
[160.0, 2.0, 0.0, 0.0, 1.0, 0.0]
[131.0, 3.0, 0.0, 0.0, 1.0, 0.0]
[134.0, 3.0, 0.0, 0.0, 0.0, 1.0]
[167.0, 4.0, 0.0, 1.0, 1.0, 0.0]

6

[178, 1.0, 0.0, 0.0, 1.0, 0.0]
[162, 2.0, 0.0, 0.0, 0.0, 1.0]
[221, 2.0, 0.0, 1.0, 0.0, 1.0]
[160.0, 2.0, 0.0, 0.0, 1.0, 0.0]
[131.0, 3.0, 0.0, 0.0, 1.0, 0.0]
[134.0, 3.0, 0.0, 0.0, 0.0, 1.0]
[167.0, 4.0, 0.0, 1.0, 1.0, 0.0]

7

[178, 1.0, 0.0, 0.0, 1.0, 0.0]
[162, 2.0, 0.0, 0.0, 0.0, 1.0]
[221, 2.0, 0.0, 1.0, 0.0, 1.0]
[160.0, 2.0, 0.0, 0.0, 1.0, 0.0]
[131.0, 3.0, 0.0, 0.0, 1.0, 0.0]
[134.0, 3.0, 0.0, 0.0, 0.0, 1.0]
[167.0, 4.0, 0.0, 1.0, 1.0, 0.0]

8

[178, 1.0, 0.0, 0.0, 1.0, 0.0]
[162, 2.0, 0.0, 0.0, 0.0, 1.0]
[221, 2.0, 0.0, 1.0, 0.0, 1.0]
[160.0, 2.0, 0.0, 0.0, 1.0, 0.0]
[131.0, 3.0, 0.0, 0.0, 1.0, 0.0]
[134.0, 3.0, 0.0, 0.0, 0.0, 1.0]
[167.0, 4.0, 0.0, 1.0, 1.0, 0.0]

9

[178, 1.0, 0.0, 0.0, 1.0, 0.0]
[162, 2.0, 0.0, 0.0, 0.0, 1.0]
[221, 2.0, 0.0, 1.0, 0.0, 1.0]
[160.0, 2.0, 0.0, 0.0, 1.0, 0.0]
[131.0, 3.0, 0.0, 0.0, 1.0, 0.0]
[134.0, 3.0, 0.0, 0.0, 0.0, 1.0]
[167.0, 4.0, 0.0, 1.0, 1.0, 0.0]
