selection file, result

2



3



4

[200, 3.0, 0.0, 1.0]
[200, 3.0, 1.0, 0.0]
[200, 2.0, 0.0, 0.0]
[199, 3.0, 0.0, 0.0]

5

[250, 3.0, 1.0, 1.0]
[250, 1.0, 0.0, 1.0]
[236, 2.0, 0.0, 1.0]
[221, 2.0, 0.0, 0.0]
[225, 3.0, 0.0, 1.0]
[199, 3.0, 0.0, 0.0]
[249, 0.0, 0.0, 0.0]
[236, 1.0, 0.0, 0.0]
[250, 2.0, 1.0, 0.0]
[236, 3.0, 1.0, 0.0]

6

[300, 2.0, 1.0, 1.0]
[285, 3.0, 1.0, 1.0]
[225, 3.0, 0.0, 1.0]
[199, 3.0, 0.0, 0.0]
[236, 3.0, 1.0, 0.0]
[300, 1.0, 0.0, 1.0]
[236, 2.0, 0.0, 1.0]
[221, 2.0, 0.0, 0.0]
[249, 0.0, 0.0, 0.0]
[236, 1.0, 0.0, 0.0]
[300, 1.0, 1.0, 0.0]
[263, 2.0, 1.0, 0.0]

7

[350, 1.0, 1.0, 1.0]
[317, 2.0, 1.0, 1.0]
[236, 2.0, 0.0, 1.0]
[221, 2.0, 0.0, 0.0]
[263, 2.0, 1.0, 0.0]
[285, 3.0, 1.0, 1.0]
[225, 3.0, 0.0, 1.0]
[199, 3.0, 0.0, 0.0]
[236, 3.0, 1.0, 0.0]
[350, 0.0, 0.0, 1.0]
[305, 1.0, 0.0, 1.0]
[236, 1.0, 0.0, 0.0]
[249, 0.0, 0.0, 0.0]
[322, 0.0, 1.0, 0.0]
[317, 1.0, 1.0, 0.0]

8

[367, 0.0, 1.0, 1.0]
[365, 1.0, 1.0, 1.0]
[305, 1.0, 0.0, 1.0]
[236, 1.0, 0.0, 0.0]
[285, 3.0, 1.0, 1.0]
[225, 3.0, 0.0, 1.0]
[199, 3.0, 0.0, 0.0]
[236, 3.0, 1.0, 0.0]
[317, 1.0, 1.0, 0.0]
[317, 2.0, 1.0, 1.0]
[236, 2.0, 0.0, 1.0]
[221, 2.0, 0.0, 0.0]
[263, 2.0, 1.0, 0.0]
[356, 0.0, 0.0, 1.0]
[249, 0.0, 0.0, 0.0]
[322, 0.0, 1.0, 0.0]

9

[367, 0.0, 1.0, 1.0]
[365, 1.0, 1.0, 1.0]
[305, 1.0, 0.0, 1.0]
[236, 1.0, 0.0, 0.0]
[285, 3.0, 1.0, 1.0]
[225, 3.0, 0.0, 1.0]
[199, 3.0, 0.0, 0.0]
[236, 3.0, 1.0, 0.0]
[317, 1.0, 1.0, 0.0]
[317, 2.0, 1.0, 1.0]
[236, 2.0, 0.0, 1.0]
[221, 2.0, 0.0, 0.0]
[263, 2.0, 1.0, 0.0]
[356, 0.0, 0.0, 1.0]
[249, 0.0, 0.0, 0.0]
[322, 0.0, 1.0, 0.0]
