selection file, result

1

[19930201, 1.0, 1.0]
[19940515, 2.0, 1.0]
[19941027, 3.0, 1.0]
[19941218, 4.0, 1.0]
[19950115, 5.0, 1.0]

2

[19930201, 1.0, 1.0]
[19940515, 2.0, 1.0]
[19941027, 3.0, 1.0]
[19941218, 4.0, 1.0]
[19950115, 5.0, 1.0]
[19950129, 6.0, 1.0]
[19950212, 7.0, 1.0]
[19950221, 8.0, 1.0]
[19950228, 9.0, 1.0]
[19950304, 10.0, 1.0]

3

[19930201, 1.0, 1.0]
[19940515, 2.0, 1.0]
[19941027, 3.0, 1.0]
[19941218, 4.0, 1.0]
[19950115, 5.0, 1.0]
[19950129, 6.0, 1.0]
[19950212, 7.0, 1.0]
[19950221, 8.0, 1.0]
[19950228, 9.0, 1.0]
[19950304, 10.0, 1.0]
[19950312, 11.0, 1.0]
[19950315, 12.0, 1.0]
[19950321, 13.0, 1.0]
[19950326, 14.0, 1.0]
[19950328, 15.0, 1.0]

4

[19930201, 1.0, 1.0]
[19940515, 2.0, 1.0]
[19941027, 3.0, 1.0]
[19941218, 4.0, 1.0]
[19950115, 5.0, 1.0]
[19950129, 6.0, 1.0]
[19950212, 7.0, 1.0]
[19950221, 8.0, 1.0]
[19950228, 9.0, 1.0]
[19950304, 10.0, 1.0]
[19950312, 11.0, 1.0]
[19950315, 12.0, 1.0]
[19950321, 13.0, 1.0]
[19950326, 14.0, 1.0]
[19950328, 15.0, 1.0]
[19950331, 17.0, 1.0]
[19950402, 19.0, 1.0]

5

[19930201, 1.0, 1.0]
[19940515, 2.0, 1.0]
[19941027, 3.0, 1.0]
[19941218, 4.0, 1.0]
[19950115, 5.0, 1.0]
[19950129, 6.0, 1.0]
[19950212, 7.0, 1.0]
[19950221, 8.0, 1.0]
[19950228, 9.0, 1.0]
[19950304, 10.0, 1.0]
[19950312, 11.0, 1.0]
[19950315, 12.0, 1.0]
[19950321, 13.0, 1.0]
[19950326, 14.0, 1.0]
[19950328, 15.0, 1.0]
[19950331, 17.0, 1.0]
[19950402, 19.0, 1.0]

6

[19930201, 1.0, 1.0]
[19940515, 2.0, 1.0]
[19941027, 3.0, 1.0]
[19941218, 4.0, 1.0]
[19950115, 5.0, 1.0]
[19950129, 6.0, 1.0]
[19950212, 7.0, 1.0]
[19950221, 8.0, 1.0]
[19950228, 9.0, 1.0]
[19950304, 10.0, 1.0]
[19950312, 11.0, 1.0]
[19950315, 12.0, 1.0]
[19950321, 13.0, 1.0]
[19950326, 14.0, 1.0]
[19950328, 15.0, 1.0]
[19950331, 17.0, 1.0]
[19950402, 19.0, 1.0]

7

[19930201, 1.0, 1.0]
[19940515, 2.0, 1.0]
[19941027, 3.0, 1.0]
[19941218, 4.0, 1.0]
[19950115, 5.0, 1.0]
[19950129, 6.0, 1.0]
[19950212, 7.0, 1.0]
[19950221, 8.0, 1.0]
[19950228, 9.0, 1.0]
[19950304, 10.0, 1.0]
[19950312, 11.0, 1.0]
[19950315, 12.0, 1.0]
[19950321, 13.0, 1.0]
[19950326, 14.0, 1.0]
[19950328, 15.0, 1.0]
[19950331, 17.0, 1.0]
[19950402, 19.0, 1.0]

8

[19930201, 1.0, 1.0]
[19940515, 2.0, 1.0]
[19941027, 3.0, 1.0]
[19941218, 4.0, 1.0]
[19950115, 5.0, 1.0]
[19950129, 6.0, 1.0]
[19950212, 7.0, 1.0]
[19950221, 8.0, 1.0]
[19950228, 9.0, 1.0]
[19950304, 10.0, 1.0]
[19950312, 11.0, 1.0]
[19950315, 12.0, 1.0]
[19950321, 13.0, 1.0]
[19950326, 14.0, 1.0]
[19950328, 15.0, 1.0]
[19950331, 17.0, 1.0]
[19950402, 19.0, 1.0]

9

[19930201, 1.0, 1.0]
[19940515, 2.0, 1.0]
[19941027, 3.0, 1.0]
[19941218, 4.0, 1.0]
[19950115, 5.0, 1.0]
[19950129, 6.0, 1.0]
[19950212, 7.0, 1.0]
[19950221, 8.0, 1.0]
[19950228, 9.0, 1.0]
[19950304, 10.0, 1.0]
[19950312, 11.0, 1.0]
[19950315, 12.0, 1.0]
[19950321, 13.0, 1.0]
[19950326, 14.0, 1.0]
[19950328, 15.0, 1.0]
[19950331, 17.0, 1.0]
[19950402, 19.0, 1.0]

10

[19930201, 1.0, 1.0]
[19940515, 2.0, 1.0]
[19941027, 3.0, 1.0]
[19941218, 4.0, 1.0]
[19950115, 5.0, 1.0]
[19950129, 6.0, 1.0]
[19950212, 7.0, 1.0]
[19950221, 8.0, 1.0]
[19950228, 9.0, 1.0]
[19950304, 10.0, 1.0]
[19950312, 11.0, 1.0]
[19950315, 12.0, 1.0]
[19950321, 13.0, 1.0]
[19950326, 14.0, 1.0]
[19950328, 15.0, 1.0]
[19950331, 17.0, 1.0]
[19950402, 19.0, 1.0]

11

[19930201, 1.0, 1.0]
[19940515, 2.0, 1.0]
[19941027, 3.0, 1.0]
[19941218, 4.0, 1.0]
[19950115, 5.0, 1.0]
[19950129, 6.0, 1.0]
[19950212, 7.0, 1.0]
[19950221, 8.0, 1.0]
[19950228, 9.0, 1.0]
[19950304, 10.0, 1.0]
[19950312, 11.0, 1.0]
[19950315, 12.0, 1.0]
[19950321, 13.0, 1.0]
[19950326, 14.0, 1.0]
[19950328, 15.0, 1.0]
[19950331, 17.0, 1.0]
[19950402, 19.0, 1.0]
