selection file, result

1

[150, 4.0, 8.0, 0.0, 0.0]
[150, 3.0, 8.0, 1.0, 0.0]
[150, 4.0, 5.0, 1.0, 0.0]
[153, 4.0, 6.0, 1.0, 0.0]
[189, 4.0, 6.0, 1.0, 1.0]
[182, 4.0, 8.0, 1.0, 0.0]
[222, 4.0, 8.0, 1.0, 1.0]
[179, 4.0, 7.0, 1.0, 0.0]
[209, 4.0, 7.0, 1.0, 1.0]
[150, 4.0, 2.0, 1.0, 1.0]
[163, 4.0, 3.0, 1.0, 1.0]
[175, 4.0, 4.0, 1.0, 1.0]
[179, 4.0, 5.0, 1.0, 1.0]
[150, 1.0, 8.0, 1.0, 1.0]
[150, 2.0, 5.0, 1.0, 1.0]
[168, 2.0, 6.0, 1.0, 1.0]
[182, 2.0, 7.0, 1.0, 1.0]
[189, 2.0, 8.0, 1.0, 1.0]
[150, 3.0, 3.0, 1.0, 1.0]
[157, 3.0, 5.0, 1.0, 1.0]
[175, 3.0, 6.0, 1.0, 1.0]
[188, 3.0, 7.0, 1.0, 1.0]
[196, 3.0, 8.0, 1.0, 1.0]
[150, 4.0, 7.0, 0.0, 1.0]
[150, 3.0, 8.0, 0.0, 1.0]
[158, 4.0, 8.0, 0.0, 1.0]

2

[150, 4.0, 8.0, 0.0, 1.0]
[150, 3.0, 8.0, 1.0, 0.0]
[150, 4.0, 6.0, 1.0, 0.0]
[153, 4.0, 7.0, 1.0, 0.0]
[196, 4.0, 7.0, 1.0, 1.0]
[163, 4.0, 8.0, 1.0, 0.0]
[209, 4.0, 8.0, 1.0, 1.0]
[150, 4.0, 2.0, 1.0, 1.0]
[157, 4.0, 3.0, 1.0, 1.0]
[163, 4.0, 5.0, 1.0, 1.0]
[182, 4.0, 6.0, 1.0, 1.0]
[150, 2.0, 6.0, 1.0, 1.0]
[150, 3.0, 5.0, 1.0, 1.0]
[158, 3.0, 6.0, 1.0, 1.0]
[175, 3.0, 7.0, 1.0, 1.0]
[182, 3.0, 8.0, 1.0, 1.0]
[150, 1.0, 8.0, 1.0, 1.0]
[179, 2.0, 8.0, 1.0, 1.0]
[168, 2.0, 7.0, 1.0, 1.0]

3

[150, 4.0, 8.0, 1.0, 0.0]
[150, 4.0, 8.0, 0.0, 1.0]
[150, 3.0, 6.0, 1.0, 1.0]
[153, 4.0, 4.0, 1.0, 1.0]
[150, 4.0, -1.0, 1.0, 1.0]
[168.0, 4.0, 6.0, 1.0, 1.0]
[188.0, 4.0, 7.0, 1.0, 1.0]
[196.0, 4.0, 8.0, 1.0, 1.0]
[157.0, 4.0, 5.0, 1.0, 1.0]
[150, 1.0, 8.0, 1.0, 1.0]
[158, 2.0, 8.0, 1.0, 1.0]
[168, 3.0, 8.0, 1.0, 1.0]
[150, 2.0, 7.0, 1.0, 1.0]
[158, 3.0, 7.0, 1.0, 1.0]

4

[150, 4.0, 8.0, 1.0, 0.0]
[150, 4.0, 8.0, 0.0, 1.0]
[150, 3.0, 8.0, 1.0, 1.0]
[150, 4.0, 5.0, 1.0, 1.0]
[157, 4.0, 6.0, 1.0, 1.0]
[175, 4.0, 7.0, 1.0, 1.0]
[188, 4.0, 8.0, 1.0, 1.0]

5

[150, 4.0, 8.0, 1.0, 0.0]
[150, 4.0, 8.0, 0.0, 1.0]
[150, 3.0, 8.0, 1.0, 1.0]
[150, 4.0, 6.0, 1.0, 1.0]
[163, 4.0, 7.0, 1.0, 1.0]
[175, 4.0, 8.0, 1.0, 1.0]

6

[150, 4.0, 8.0, 1.0, 0.0]
[150, 4.0, 8.0, 0.0, 1.0]
[150, 3.0, 8.0, 1.0, 1.0]
[150, 4.0, 6.0, 1.0, 1.0]
[153, 4.0, 7.0, 1.0, 1.0]
[163, 4.0, 8.0, 1.0, 1.0]
