selection file, result

1

[19950304.0, 19950421, 1.0]
[19950305.0, 19950422, 1.0]
[19950307.0, 19950423, 1.0]
[19950308.0, 19950424, 1.0]
[19950302.0, 19950419, 1.0]
[19950301.0, 19950418, 1.0]
[19950227.0, 19950415, 1.0]
[19950225.0, 19950414, 1.0]

2

[19950309.0, 19950417, 1.0]
[19950311.0, 19950418, 1.0]
[19950312.0, 19950420, 1.0]
[19950307.0, 19950415, 1.0]
[19950306.0, 19950414, 1.0]
[19950305.0, 19950413, 1.0]
[19950304.0, 19950412, 1.0]
[19950303.0, 19950411, 1.0]
[19950302.0, 19950410, 1.0]
[19950301.0, 19950408, 1.0]
[19950227.0, 19950407, 1.0]
[19950308.0, 19950416, 1.0]

3

[19950313.0, 19950413, 1.0]
[19950314.0, 19950414, 1.0]
[19950316.0, 19950415, 1.0]
[19950318.0, 19950416, 1.0]
[19950312.0, 19950412, 1.0]

4

[19950317.0, 19950408, 1.0]
[19950318.0, 19950409, 1.0]
[19950325.0, 19950413, 1.0]
[19950326.0, 19950605, 1.0]
[19950314.0, 19950406, 1.0]
[19950313.0, 19950405, 1.0]
[19950312.0, 19950404, 1.0]
[19950311.0, 19950402, 1.0]
[19950308.0, 19950330, 1.0]
[19950315.0, 19950407, 1.0]

5

[19950318.0, 19950407, 1.0]
[19950325.0, 19950413, 1.0]
[19950326.0, 19950605, 1.0]
[19950316.0, 19950331, 1.0]
[19950315.0, 19950330, 1.0]

6

[19950318.0, 19950407, 1.0]
[19950325.0, 19950413, 1.0]
[19950326.0, 19950605, 1.0]
[19950316.0, 19950330, 1.0]
[19950314.0, 19950329, 1.0]
