selection file, result

1

[122, 4.0, 6.0, 0.0, 1.0, 0.0, 1.0]
[150, 4.0, 6.0, 0.0, 1.0, 1.0, 1.0]
[58.0, 4.0, 8.0, 0.0, 0.0, 0.0, 1.0]
[150, 4.0, 9.0, 0.0, 1.0, 1.0, 0.0]

2

[99, 5.0, 5.0, 0.0, 1.0, 0.0, 1.0]
[150, 4.0, 6.0, 0.0, 1.0, 1.0, 1.0]
[150, 4.0, 9.0, 0.0, 1.0, 1.0, 0.0]
[83.0, 4.0, 5.0, 0.0, 1.0, 0.0, 1.0]
[49.0, 4.0, 8.0, 0.0, 0.0, 0.0, 1.0]

3

[99, 5.0, 5.0, 0.0, 1.0, 0.0, 1.0]
[150, 4.0, 6.0, 0.0, 1.0, 1.0, 1.0]
[150, 4.0, 9.0, 0.0, 1.0, 1.0, 0.0]
[83.0, 4.0, 5.0, 0.0, 1.0, 0.0, 1.0]
[49.0, 4.0, 8.0, 0.0, 0.0, 0.0, 1.0]

4

[99, 5.0, 5.0, 0.0, 1.0, 0.0, 1.0]
[150, 4.0, 6.0, 0.0, 1.0, 1.0, 1.0]
[36.0, 5.0, 6.0, 0.0, 0.0, 0.0, 1.0]
[150, 4.0, 9.0, 0.0, 1.0, 1.0, 0.0]
[70.0, 4.0, 4.0, 0.0, 1.0, 0.0, 1.0]
[27.0, 4.0, 8.0, 0.0, 0.0, 1.0, 0.0]

5

[98, 5.0, 5.0, 0.0, 1.0, 0.0, 1.0]
[150, 4.0, 6.0, 0.0, 1.0, 1.0, 1.0]
[34.0, 5.0, 6.0, 0.0, 0.0, 0.0, 1.0]
[150, 4.0, 9.0, 0.0, 1.0, 1.0, 0.0]
[62.0, 4.0, 4.0, 0.0, 1.0, 0.0, 1.0]
[21.0, 4.0, 8.0, 0.0, 0.0, 1.0, 0.0]

6

[98, 5.0, 5.0, 0.0, 1.0, 0.0, 1.0]
[150, 4.0, 6.0, 0.0, 1.0, 1.0, 1.0]
[34.0, 5.0, 6.0, 0.0, 0.0, 0.0, 1.0]
[150, 4.0, 9.0, 0.0, 1.0, 1.0, 0.0]
[62.0, 4.0, 4.0, 0.0, 1.0, 0.0, 1.0]
[21.0, 4.0, 8.0, 0.0, 0.0, 1.0, 0.0]
