selection file, result

0

[400, 595.4001083802654, 400, 600]
[397.3957643987619, 597.5972703319176, 400, 600]
[400.0, 597.5972703319176, 400, 602.6884714871984]
[400.0, 597.5972703319176, 407.4770538974437, 600.0]
[400.0, 597.5972703319176, 401.3611512218187, 600.6675211303315]
[400.0, 597.5972703319176, 401.01975130622054, 600.842587613221]
[400.0, 597.5972703319176, 400.9455597247597, 600.9975938053364]
[400.0, 597.5972703319176, 400.1507623686314, 601.9705011181745]
[396.1347184803704, 600.2245583387597, 400, 600]
[400.0, 600.2245583387597, 400, 603.0065224039347]
[400.0, 600.2245583387597, 413.35366277550975, 600.0]
[400.0, 600.2245583387597, 407.4770538974437, 600.6675211303315]
[400.0, 600.2245583387597, 401.3611512218187, 600.842587613221]
[400.0, 600.2245583387597, 401.01975130622054, 600.9975938053364]
[400.0, 600.2245583387597, 400.9455597247597, 601.9705011181745]
[400.0, 600.2245583387597, 400.1507623686314, 602.6884714871984]
[394.7155283081315, 600.0, 400, 600]
[396.1347184803704, 600.0, 400, 600.6675211303315]
[396.1347184803704, 600.0, 400.1507623686314, 600.0]
[400.0, 600.0, 400, 578.5061271976249]
[400.0, 600.0, 413.72063227635033, 600.0]
[400.0, 600.0, 413.35366277550975, 600.6675211303315]
[400.0, 600.0, 407.4770538974437, 600.842587613221]
[400.0, 600.0, 401.3611512218187, 600.9975938053364]
[400.0, 600.0, 401.01975130622054, 601.9705011181745]
[400.0, 600.0, 400.9455597247597, 602.6884714871984]
[400.0, 600.0, 400.1507623686314, 603.0065224039347]

1

[400, 593.6995580941127, 400, 600]
[397.3957643987619, 594.3928831476737, 400, 600]
[400.0, 594.3928831476737, 400, 602.6884714871984]
[400.0, 594.3928831476737, 407.4770538974437, 600.0]
[400.0, 594.3928831476737, 401.3611512218187, 600.6675211303315]
[400.0, 594.3928831476737, 401.01975130622054, 600.842587613221]
[400.0, 594.3928831476737, 400.9455597247597, 600.9975938053364]
[400.0, 594.3928831476737, 400.1507623686314, 601.9705011181745]
[396.1347184803704, 594.4060608953847, 400, 600]
[400.0, 594.4060608953847, 400, 603.0065224039347]
[400.0, 594.4060608953847, 413.35366277550975, 600.0]
[400.0, 594.4060608953847, 407.4770538974437, 600.6675211303315]
[400.0, 594.4060608953847, 401.3611512218187, 600.842587613221]
[400.0, 594.4060608953847, 401.01975130622054, 600.9975938053364]
[400.0, 594.4060608953847, 400.9455597247597, 601.9705011181745]
[400.0, 594.4060608953847, 400.1507623686314, 602.6884714871984]
[394.7155283081315, 595.4001083802654, 400, 600]
[396.1347184803704, 595.4001083802654, 400, 600.6675211303315]
[396.1347184803704, 595.4001083802654, 400.1507623686314, 600.0]
[400.0, 595.4001083802654, 400, 624.4262994070752]
[400.0, 595.4001083802654, 413.72063227635033, 600.0]
[400.0, 595.4001083802654, 413.35366277550975, 600.6675211303315]
[400.0, 595.4001083802654, 407.4770538974437, 600.842587613221]
[400.0, 595.4001083802654, 401.3611512218187, 600.9975938053364]
[400.0, 595.4001083802654, 401.01975130622054, 601.9705011181745]
[400.0, 595.4001083802654, 400.9455597247597, 602.6884714871984]
[400.0, 595.4001083802654, 400.1507623686314, 603.0065224039347]
[393.9376761003823, 597.5972703319176, 400, 600]
[400.0, 597.5972703319176, 400, 624.5527577303751]
[400.0, 597.5972703319176, 414.24998520066686, 600.6675211303315]
[400.0, 597.5972703319176, 413.72063227635033, 600.842587613221]
[400.0, 597.5972703319176, 413.35366277550975, 600.9975938053364]
[400.0, 597.5972703319176, 401.3611512218187, 601.9705011181745]
[400.0, 597.5972703319176, 401.01975130622054, 602.6884714871984]
[400.0, 597.5972703319176, 400.9455597247597, 603.0065224039347]
[400.0, 597.5972703319176, 400.1507623686314, 622.6858766154205]
[379.42475737658253, 600.2245583387597, 400, 600]
[393.9376761003823, 600.2245583387597, 400, 600.6675211303315]
[393.9376761003823, 600.2245583387597, 400.1507623686314, 600.0]
[400.0, 600.2245583387597, 400, 560.9788720346157]
[400.0, 600.2245583387597, 478.14313507175046, 600.0]
[400.0, 600.2245583387597, 477.79178407785474, 600.6675211303315]
[400.0, 600.2245583387597, 414.24998520066686, 600.842587613221]
[400.0, 600.2245583387597, 413.72063227635033, 600.9975938053364]
[400.0, 600.2245583387597, 413.35366277550975, 601.9705011181745]
[400.0, 600.2245583387597, 401.3611512218187, 602.6884714871984]
[400.0, 600.2245583387597, 401.01975130622054, 603.0065224039347]
[400.0, 600.2245583387597, 400.9455597247597, 578.221843039991]
[400.0, 600.2245583387597, 400.1507623686314, 561.1356636027754]
[378.64282545911993, 600.0, 400, 600]
[400.0, 600.0, 400, 544.4044693428192]
[400.0, 600.0, 478.55897662170975, 600.0]
[400.0, 600.0, 478.14313507175046, 600.6675211303315]
[400.0, 600.0, 477.79178407785474, 600.842587613221]
[400.0, 600.0, 477.67173946772624, 600.9975938053364]
[400.0, 600.0, 477.09103665326074, 601.9705011181745]
[400.0, 600.0, 465.0313269763682, 602.6884714871984]
[400.0, 600.0, 464.5825489784011, 603.0065224039347]
[400.0, 600.0, 464.10323080779057, 587.0337216071661]
[400.0, 600.0, 419.13198001590735, 586.721568393337]
[400.0, 600.0, 414.24998520066686, 577.8171559273377]
[400.0, 600.0, 413.72063227635033, 564.2484345537403]
[400.0, 600.0, 413.35366277550975, 560.405418931566]
[400.0, 600.0, 407.4770538974437, 560.3133673838511]
[400.0, 600.0, 401.3611512218187, 557.1910465510252]
[400.0, 600.0, 401.01975130622054, 557.141688858494]
[400.0, 600.0, 400.9455597247597, 557.1224055392987]
[400.0, 600.0, 400.1507623686314, 544.670346714104]

3

[400, 589.6861090582407, 400, 600]
[397.3957643987619, 592.3943583674625, 400, 600]
[400.0, 592.3943583674625, 400, 602.6884714871984]
[400.0, 592.3943583674625, 407.4770538974437, 600.0]
[400.0, 592.3943583674625, 401.3611512218187, 600.6675211303315]
[400.0, 592.3943583674625, 401.01975130622054, 600.842587613221]
[400.0, 592.3943583674625, 400.9455597247597, 600.9975938053364]
[400.0, 592.3943583674625, 400.1507623686314, 601.9705011181745]
[396.1347184803704, 593.1503081426553, 400, 600]
[400.0, 593.1503081426553, 400, 603.0065224039347]
[400.0, 593.1503081426553, 413.35366277550975, 600.0]
[400.0, 593.1503081426553, 407.4770538974437, 600.6675211303315]
[400.0, 593.1503081426553, 401.3611512218187, 600.842587613221]
[400.0, 593.1503081426553, 401.01975130622054, 600.9975938053364]
[400.0, 593.1503081426553, 400.9455597247597, 601.9705011181745]
[400.0, 593.1503081426553, 400.1507623686314, 602.6884714871984]
[375.3036658545498, 600.0, 400, 600.0]
[375.44387505753224, 600.0, 400, 600.6675211303315]
[375.44387505753224, 600.0, 400.1507623686314, 600.0]
[400.0, 600.0, 400, 545.1737620899859]
[400.0, 600.0, 537.8041033305836, 600.0]
[400.0, 600.0, 479.15874421505936, 600.6675211303315]
[400.0, 600.0, 479.04842640892906, 600.842587613221]
[400.0, 600.0, 478.55897662170975, 600.9975938053364]
[400.0, 600.0, 478.14313507175046, 601.9705011181745]
[400.0, 600.0, 477.79178407785474, 602.6884714871984]
[400.0, 600.0, 477.09103665326074, 603.0065224039347]
[400.0, 600.0, 465.0313269763682, 587.0337216071661]
[400.0, 600.0, 464.10323080779057, 586.721568393337]
[400.0, 600.0, 419.13198001590735, 580.3780731379517]
[400.0, 600.0, 414.24998520066686, 577.8171559273377]
[400.0, 600.0, 413.72063227635033, 564.2484345537403]
[400.0, 600.0, 402.83001037991215, 560.405418931566]
[400.0, 600.0, 401.3611512218187, 560.3133673838511]
[400.0, 600.0, 401.01975130622054, 557.1910465510252]
[400.0, 600.0, 400.9455597247597, 557.141688858494]
[400.0, 600.0, 400.1507623686314, 557.1224055392987]

5

[400, 587.745550019356, 400, 600]
[513.8996356566328, 600.0, 400, 600]
[375.88000001347297, 600.0, 400, 602.6884714871984]
[375.88000001347297, 600.0, 406.1743172533129, 600.0]
[375.88000001347297, 600.0, 405.19633457584206, 600.6675211303315]
[375.88000001347297, 600.0, 404.86616923506693, 600.842587613221]
[375.88000001347297, 600.0, 401.3611512218187, 600.9975938053364]
[375.88000001347297, 600.0, 400.9330089991755, 601.9705011181745]
[375.88000001347297, 600.0, 400.1507623686314, 602.5779191257931]
[400.0, 600.0, 400, 542.9972658030268]
[400.0, 600.0, 544.670346714104, 600.0]
[400.0, 600.0, 541.7576118208159, 600.6675211303315]
[400.0, 600.0, 538.0298320197837, 600.842587613221]
[400.0, 600.0, 537.8041033305836, 600.9975938053364]
[400.0, 600.0, 479.15874421505936, 601.9705011181745]
[400.0, 600.0, 479.04842640892906, 602.6884714871984]
[400.0, 600.0, 478.55897662170975, 603.0065224039347]
[400.0, 600.0, 478.14313507175046, 587.0337216071661]
[400.0, 600.0, 477.79178407785474, 586.721568393337]
[400.0, 600.0, 477.09103665326074, 580.3780731379517]
[400.0, 600.0, 465.0313269763682, 577.8171559273377]
[400.0, 600.0, 464.10323080779057, 564.2484345537403]
[400.0, 600.0, 419.13198001590735, 560.405418931566]
[400.0, 600.0, 414.24998520066686, 560.3133673838511]
[400.0, 600.0, 413.72063227635033, 557.1910465510252]
[400.0, 600.0, 402.83001037991215, 557.141688858494]
[400.0, 600.0, 401.3611512218187, 557.1224055392987]
[400.0, 600.0, 401.01975130622054, 544.670346714104]
[400.0, 600.0, 400.9455597247597, 543.6108992935971]
[400.0, 600.0, 400.1507623686314, 543.0979261928366]

7

[400, 585.6348240480512, 400, 600]
[513.8996356566328, 600.0, 400, 600.0]
[375.3036658545498, 600.0, 400, 587.0335337769696]
[375.3036658545498, 600.0, 411.8675211501172, 600.0]
[375.3036658545498, 600.0, 411.15465234024975, 600.6675211303315]
[375.3036658545498, 600.0, 407.4770538974437, 600.842587613221]
[375.44387505753224, 600.0, 400, 622.7300536231166]
[375.44387505753224, 600.0, 413.72063227635033, 600.0]
[375.44387505753224, 600.0, 413.35366277550975, 600.6675211303315]
[375.44387505753224, 600.0, 413.299439277924, 600.842587613221]
[375.44387505753224, 600.0, 397.0741538141796, 600.9975938053364]
[375.44387505753224, 600.0, 401.3611512218187, 601.9705011181745]
[375.44387505753224, 600.0, 400.9330089991755, 602.6884714871984]
[375.44387505753224, 600.0, 400.1507623686314, 603.0065224039347]
[400.0, 600.0, 400, 537.3806277490933]
[400.0, 600.0, 546.1958551590404, 600.0]
[400.0, 600.0, 545.526599999703, 600.6675211303315]
[400.0, 600.0, 545.2424611003087, 600.842587613221]
[400.0, 600.0, 544.670346714104, 600.9975938053364]
[400.0, 600.0, 541.7576118208159, 601.9705011181745]
[400.0, 600.0, 538.0298320197837, 602.6884714871984]
[400.0, 600.0, 537.8041033305836, 603.0065224039347]
[400.0, 600.0, 479.15874421505936, 587.0337216071661]
[400.0, 600.0, 479.04842640892906, 586.721568393337]
[400.0, 600.0, 478.55897662170975, 580.3780731379517]
[400.0, 600.0, 478.14313507175046, 577.8171559273377]
[400.0, 600.0, 477.79178407785474, 564.2484345537403]
[400.0, 600.0, 477.09103665326074, 560.405418931566]
[400.0, 600.0, 465.0313269763682, 560.3133673838511]
[400.0, 600.0, 464.10323080779057, 557.1910465510252]
[400.0, 600.0, 419.13198001590735, 557.141688858494]
[400.0, 600.0, 414.24998520066686, 557.1224055392987]
[400.0, 600.0, 413.72063227635033, 544.670346714104]
[400.0, 600.0, 402.83001037991215, 543.6108992935971]
[400.0, 600.0, 401.3611512218187, 543.0979261928366]
[400.0, 600.0, 401.01975130622054, 541.7576118208159]
[400.0, 600.0, 400.9455597247597, 539.5813277125659]
[400.0, 600.0, 400.1507623686314, 539.4455329973536]

9

[400, 583.585932410497, 400, 600]
[588.7568443632106, 600.0, 400, 600]
[375.44387505753224, 600.0, 477.09103665326074, 600.0]
[375.44387505753224, 600.0, 477.05532359043826, 600.842587613221]
[375.44387505753224, 600.0, 470.37724536167406, 598.6843649151833]
[375.44387505753224, 600.0, 465.0313269763682, 598.3627012199821]
[375.44387505753224, 600.0, 462.8568286635892, 602.7028597029349]
[375.44387505753224, 600.0, 417.68401888896494, 587.0337216071661]
[375.44387505753224, 600.0, 417.4479109507085, 586.9489711867795]
[375.44387505753224, 600.0, 414.24998520066686, 585.6775506734174]
[375.44387505753224, 600.0, 414.0806214188687, 585.6303234337621]
[375.44387505753224, 600.0, 413.72063227635033, 584.53435577587]
[375.44387505753224, 600.0, 413.35366277550975, 583.6490760418034]
[375.44387505753224, 600.0, 413.299439277924, 625.4463412069408]
[400.0, 600.0, 400, 535.983439881785]
[400.0, 600.0, 547.2896654885134, 600.0]
[400.0, 600.0, 547.1461655224981, 600.6675211303315]
[400.0, 600.0, 546.458535109343, 600.842587613221]
[400.0, 600.0, 546.1958551590404, 600.9975938053364]
[400.0, 600.0, 545.526599999703, 601.9705011181745]
[400.0, 600.0, 545.2424611003087, 602.6884714871984]
[400.0, 600.0, 544.670346714104, 603.0065224039347]
[400.0, 600.0, 541.7576118208159, 587.0337216071661]
[400.0, 600.0, 538.0298320197837, 586.721568393337]
[400.0, 600.0, 537.8041033305836, 580.3780731379517]
[400.0, 600.0, 479.15874421505936, 577.8171559273377]
[400.0, 600.0, 479.04842640892906, 564.2484345537403]
[400.0, 600.0, 478.55897662170975, 560.405418931566]
[400.0, 600.0, 478.14313507175046, 560.3133673838511]
[400.0, 600.0, 477.79178407785474, 557.1910465510252]
[400.0, 600.0, 477.09103665326074, 557.141688858494]
[400.0, 600.0, 465.0313269763682, 557.1224055392987]
[400.0, 600.0, 464.10323080779057, 544.670346714104]
[400.0, 600.0, 419.13198001590735, 543.6108992935971]
[400.0, 600.0, 414.24998520066686, 543.0979261928366]
[400.0, 600.0, 413.72063227635033, 541.7576118208159]
[400.0, 600.0, 402.83001037991215, 539.5813277125659]
[400.0, 600.0, 401.3611512218187, 539.4455329973536]
[400.0, 600.0, 401.01975130622054, 537.3806277490933]
[400.0, 600.0, 400.9455597247597, 536.7367426657539]
[400.0, 600.0, 400.1507623686314, 536.0381942090439]

11

[400, 581.9596738476814, 400, 600]
[397.3957643987619, 581.9984780593923, 400, 600]
[400.0, 581.9984780593923, 400, 601.9705011181745]
[400.0, 581.9984780593923, 407.4770538974437, 600.0]
[400.0, 581.9984780593923, 401.3611512218187, 600.6675211303315]
[400.0, 581.9984780593923, 401.01975130622054, 600.842587613221]
[400.0, 581.9984780593923, 400.9455597247597, 600.9975938053364]
[400.0, 581.9984780593923, 400.1507623686314, 601.5932042655629]
[589.9255369575872, 600.0, 400, 600]
[400.0, 600.0, 400, 455.40450203238066]
[400.0, 600.0, 478.55897662170975, 600.0]
[400.0, 600.0, 478.14313507175046, 600.842587613221]
[400.0, 600.0, 477.20580548363614, 598.6843649151833]
[400.0, 600.0, 477.09103665326074, 598.3627012199821]
[400.0, 600.0, 477.05532359043826, 602.7028597029349]
[400.0, 600.0, 470.37724536167406, 587.0337216071661]
[400.0, 600.0, 465.0313269763682, 586.9489711867795]
[400.0, 600.0, 462.8568286635892, 585.6775506734174]
[400.0, 600.0, 417.68401888896494, 585.6303234337621]
[400.0, 600.0, 417.4479109507085, 584.53435577587]
[400.0, 600.0, 414.24998520066686, 583.6490760418034]
[400.0, 600.0, 414.0806214188687, 625.4463412069408]
[400.0, 600.0, 413.72063227635033, 680.4528040208221]
[400.0, 600.0, 413.35366277550975, 681.5234539018535]
[400.0, 600.0, 413.299439277924, 681.7002187195691]
[400.0, 600.0, 412.86152145690454, 686.356980011527]
[400.0, 600.0, 412.15138403678526, 687.1304138319429]
[400.0, 600.0, 411.8675211501172, 687.7323835958204]
[400.0, 600.0, 411.15465234024975, 688.2511715654248]
[400.0, 600.0, 409.7016937896756, 689.2297305643986]
[400.0, 600.0, 405.55778054764113, 689.6420437922957]
[400.0, 600.0, 405.19633457584206, 689.7722666648633]
[400.0, 600.0, 404.86616923506693, 715.4786999648858]
[400.0, 600.0, 401.3611512218187, 715.8604495856955]
[400.0, 600.0, 399.5291746535282, 455.5216988954263]
