selection file, result

1

[19930330.0, 19940201, 1.0, 0.0]
[19930325.0, 19940206, 0.0, 0.0]
[19930326.0, 19940207, 0.0, 0.0]
[19930327.0, 19940208, 0.0, 0.0]
[19930328.0, 19940209, 0.0, 0.0]
[19930329.0, 19940210, 0.0, 0.0]
[19930330.0, 19940211, 0.0, 0.0]
[19930324.0, 19940205, 0.0, 0.0]
[19930323.0, 19940204, 0.0, 0.0]
[19930322.0, 19940203, 0.0, 0.0]
[19930321.0, 19940202, 0.0, 0.0]
[19930320.0, 19940201, 0.0, 0.0]

2

[19930415.0, 19940201, 1.0, 0.0]
[19930402.0, 19940214, 0.0, 0.0]
[19930403.0, 19940215, 0.0, 0.0]
[19930404.0, 19940216, 0.0, 0.0]
[19930405.0, 19940217, 0.0, 0.0]
[19930406.0, 19940218, 0.0, 0.0]
[19930407.0, 19940219, 0.0, 0.0]
[19930408.0, 19940220, 0.0, 0.0]
[19930409.0, 19940221, 0.0, 0.0]
[19930410.0, 19940222, 0.0, 0.0]
[19930411.0, 19940223, 0.0, 0.0]
[19930412.0, 19940224, 0.0, 0.0]
[19930413.0, 19940225, 0.0, 0.0]
[19930414.0, 19940226, 0.0, 0.0]
[19930415.0, 19940227, 0.0, 0.0]
[19930401.0, 19940213, 0.0, 0.0]
[19930331.0, 19940212, 0.0, 0.0]
[19930330.0, 19940211, 0.0, 0.0]
[19930329.0, 19940210, 0.0, 0.0]
[19930328.0, 19940209, 0.0, 0.0]
[19930327.0, 19940208, 0.0, 0.0]
[19930326.0, 19940207, 0.0, 0.0]
[19930325.0, 19940206, 0.0, 0.0]
[19930324.0, 19940205, 0.0, 0.0]
[19930323.0, 19940204, 0.0, 0.0]
[19930322.0, 19940203, 0.0, 0.0]
[19930321.0, 19940202, 0.0, 0.0]
[19930320.0, 19940201, 0.0, 0.0]

3

[19930430.0, 19940201, 1.0, 0.0]
[19930410.0, 19940222, 0.0, 0.0]
[19930411.0, 19940223, 0.0, 0.0]
[19930412.0, 19940224, 0.0, 0.0]
[19930413.0, 19940225, 0.0, 0.0]
[19930414.0, 19940226, 0.0, 0.0]
[19930415.0, 19940227, 0.0, 0.0]
[19930416.0, 19940228, 0.0, 0.0]
[19930417.0, 19940301, 0.0, 0.0]
[19930418.0, 19940302, 0.0, 0.0]
[19930419.0, 19940303, 0.0, 0.0]
[19930420.0, 19940304, 0.0, 0.0]
[19930421.0, 19940305, 0.0, 0.0]
[19930422.0, 19940306, 0.0, 0.0]
[19930423.0, 19940307, 0.0, 0.0]
[19930424.0, 19940308, 0.0, 0.0]
[19930425.0, 19940309, 0.0, 0.0]
[19930426.0, 19940310, 0.0, 0.0]
[19930427.0, 19940311, 0.0, 0.0]
[19930428.0, 19940312, 0.0, 0.0]
[19930429.0, 19940313, 0.0, 0.0]
[19930430.0, 19940314, 0.0, 0.0]
[19930409.0, 19940221, 0.0, 0.0]
[19930408.0, 19940220, 0.0, 0.0]
[19930407.0, 19940219, 0.0, 0.0]
[19930406.0, 19940218, 0.0, 0.0]
[19930405.0, 19940217, 0.0, 0.0]
[19930404.0, 19940216, 0.0, 0.0]
[19930403.0, 19940215, 0.0, 0.0]
[19930402.0, 19940214, 0.0, 0.0]
[19930401.0, 19940213, 0.0, 0.0]
[19930331.0, 19940212, 0.0, 0.0]
[19930330.0, 19940211, 0.0, 0.0]
[19930329.0, 19940210, 0.0, 0.0]
[19930328.0, 19940209, 0.0, 0.0]
[19930327.0, 19940208, 0.0, 0.0]
[19930326.0, 19940207, 0.0, 0.0]
[19930325.0, 19940206, 0.0, 0.0]
[19930324.0, 19940205, 0.0, 0.0]
[19930323.0, 19940204, 0.0, 0.0]
[19930322.0, 19940203, 0.0, 0.0]
[19930321.0, 19940202, 0.0, 0.0]
[19930320.0, 19940201, 0.0, 0.0]

4

[19930515.0, 19940201, 1.0, 0.0]
[19930417.0, 19940301, 0.0, 0.0]
[19930418.0, 19940302, 0.0, 0.0]
[19930419.0, 19940303, 0.0, 0.0]
[19930420.0, 19940304, 0.0, 0.0]
[19930421.0, 19940305, 0.0, 0.0]
[19930422.0, 19940306, 0.0, 0.0]
[19930423.0, 19940307, 0.0, 0.0]
[19930424.0, 19940308, 0.0, 0.0]
[19930425.0, 19940309, 0.0, 0.0]
[19930426.0, 19940310, 0.0, 0.0]
[19930427.0, 19940311, 0.0, 0.0]
[19930428.0, 19940312, 0.0, 0.0]
[19930429.0, 19940313, 0.0, 0.0]
[19930430.0, 19940314, 0.0, 0.0]
[19930501.0, 19940315, 0.0, 0.0]
[19930502.0, 19940316, 0.0, 0.0]
[19930503.0, 19940317, 0.0, 0.0]
[19930504.0, 19940318, 0.0, 0.0]
[19930505.0, 19940319, 0.0, 0.0]
[19930506.0, 19940320, 0.0, 0.0]
[19930507.0, 19940321, 0.0, 0.0]
[19930508.0, 19940322, 0.0, 0.0]
[19930509.0, 19940323, 0.0, 0.0]
[19930510.0, 19940324, 0.0, 0.0]
[19930511.0, 19940325, 0.0, 0.0]
[19930512.0, 19940326, 0.0, 0.0]
[19930513.0, 19940327, 0.0, 0.0]
[19930514.0, 19940328, 0.0, 0.0]
[19930515.0, 19940329, 0.0, 0.0]
[19930416.0, 19940228, 0.0, 0.0]
[19930415.0, 19940227, 0.0, 0.0]
[19930414.0, 19940226, 0.0, 0.0]
[19930413.0, 19940225, 0.0, 0.0]
[19930412.0, 19940224, 0.0, 0.0]
[19930411.0, 19940223, 0.0, 0.0]
[19930410.0, 19940222, 0.0, 0.0]
[19930409.0, 19940221, 0.0, 0.0]
[19930408.0, 19940220, 0.0, 0.0]
[19930407.0, 19940219, 0.0, 0.0]
[19930406.0, 19940218, 0.0, 0.0]
[19930405.0, 19940217, 0.0, 0.0]
[19930404.0, 19940216, 0.0, 0.0]
[19930403.0, 19940215, 0.0, 0.0]
[19930402.0, 19940214, 0.0, 0.0]
[19930401.0, 19940213, 0.0, 0.0]
[19930331.0, 19940212, 0.0, 0.0]
[19930330.0, 19940211, 0.0, 0.0]
[19930329.0, 19940210, 0.0, 0.0]
[19930328.0, 19940209, 0.0, 0.0]
[19930327.0, 19940208, 0.0, 0.0]
[19930326.0, 19940207, 0.0, 0.0]
[19930325.0, 19940206, 0.0, 0.0]
[19930324.0, 19940205, 0.0, 0.0]
[19930323.0, 19940204, 0.0, 0.0]
[19930322.0, 19940203, 0.0, 0.0]
[19930321.0, 19940202, 0.0, 0.0]
[19930320.0, 19940201, 0.0, 0.0]

5

[19930530.0, 19940201, 1.0, 0.0]
[19930425.0, 19940309, 0.0, 0.0]
[19930426.0, 19940310, 0.0, 0.0]
[19930427.0, 19940311, 0.0, 0.0]
[19930428.0, 19940312, 0.0, 0.0]
[19930429.0, 19940313, 0.0, 0.0]
[19930430.0, 19940314, 0.0, 0.0]
[19930501.0, 19940315, 0.0, 0.0]
[19930502.0, 19940316, 0.0, 0.0]
[19930503.0, 19940317, 0.0, 0.0]
[19930504.0, 19940318, 0.0, 0.0]
[19930505.0, 19940319, 0.0, 0.0]
[19930506.0, 19940320, 0.0, 0.0]
[19930507.0, 19940321, 0.0, 0.0]
[19930508.0, 19940322, 0.0, 0.0]
[19930509.0, 19940323, 0.0, 0.0]
[19930510.0, 19940324, 0.0, 0.0]
[19930511.0, 19940325, 0.0, 0.0]
[19930512.0, 19940326, 0.0, 0.0]
[19930513.0, 19940327, 0.0, 0.0]
[19930514.0, 19940328, 0.0, 0.0]
[19930515.0, 19940329, 0.0, 0.0]
[19930516.0, 19940330, 0.0, 0.0]
[19930517.0, 19940331, 0.0, 0.0]
[19930518.0, 19940401, 0.0, 0.0]
[19930519.0, 19940402, 0.0, 0.0]
[19930520.0, 19940403, 0.0, 0.0]
[19930521.0, 19940404, 0.0, 0.0]
[19930522.0, 19940405, 0.0, 0.0]
[19930523.0, 19940406, 0.0, 0.0]
[19930524.0, 19940407, 0.0, 0.0]
[19930525.0, 19940408, 0.0, 0.0]
[19930526.0, 19940409, 0.0, 0.0]
[19930527.0, 19940410, 0.0, 0.0]
[19930528.0, 19940411, 0.0, 0.0]
[19930529.0, 19940412, 0.0, 0.0]
[19930530.0, 19940413, 0.0, 0.0]
[19930424.0, 19940308, 0.0, 0.0]
[19930423.0, 19940307, 0.0, 0.0]
[19930422.0, 19940306, 0.0, 0.0]
[19930421.0, 19940305, 0.0, 0.0]
[19930420.0, 19940304, 0.0, 0.0]
[19930419.0, 19940303, 0.0, 0.0]
[19930418.0, 19940302, 0.0, 0.0]
[19930417.0, 19940301, 0.0, 0.0]
[19930416.0, 19940228, 0.0, 0.0]
[19930415.0, 19940227, 0.0, 0.0]
[19930414.0, 19940226, 0.0, 0.0]
[19930413.0, 19940225, 0.0, 0.0]
[19930412.0, 19940224, 0.0, 0.0]
[19930411.0, 19940223, 0.0, 0.0]
[19930410.0, 19940222, 0.0, 0.0]
[19930409.0, 19940221, 0.0, 0.0]
[19930408.0, 19940220, 0.0, 0.0]
[19930407.0, 19940219, 0.0, 0.0]
[19930406.0, 19940218, 0.0, 0.0]
[19930405.0, 19940217, 0.0, 0.0]
[19930404.0, 19940216, 0.0, 0.0]
[19930403.0, 19940215, 0.0, 0.0]
[19930402.0, 19940214, 0.0, 0.0]
[19930401.0, 19940213, 0.0, 0.0]
[19930331.0, 19940212, 0.0, 0.0]
[19930330.0, 19940211, 0.0, 0.0]
[19930329.0, 19940210, 0.0, 0.0]
[19930328.0, 19940209, 0.0, 0.0]
[19930327.0, 19940208, 0.0, 0.0]
[19930326.0, 19940207, 0.0, 0.0]
[19930325.0, 19940206, 0.0, 0.0]
[19930324.0, 19940205, 0.0, 0.0]
[19930323.0, 19940204, 0.0, 0.0]
[19930322.0, 19940203, 0.0, 0.0]
[19930321.0, 19940202, 0.0, 0.0]
[19930320.0, 19940201, 0.0, 0.0]

6

[19930615.0, 19940201, 1.0, 0.0]
[19930503.0, 19940317, 0.0, 0.0]
[19930504.0, 19940318, 0.0, 0.0]
[19930505.0, 19940319, 0.0, 0.0]
[19930506.0, 19940320, 0.0, 0.0]
[19930507.0, 19940321, 0.0, 0.0]
[19930508.0, 19940322, 0.0, 0.0]
[19930509.0, 19940323, 0.0, 0.0]
[19930510.0, 19940324, 0.0, 0.0]
[19930511.0, 19940325, 0.0, 0.0]
[19930512.0, 19940326, 0.0, 0.0]
[19930513.0, 19940327, 0.0, 0.0]
[19930514.0, 19940328, 0.0, 0.0]
[19930515.0, 19940329, 0.0, 0.0]
[19930516.0, 19940330, 0.0, 0.0]
[19930517.0, 19940331, 0.0, 0.0]
[19930518.0, 19940401, 0.0, 0.0]
[19930519.0, 19940402, 0.0, 0.0]
[19930520.0, 19940403, 0.0, 0.0]
[19930521.0, 19940404, 0.0, 0.0]
[19930522.0, 19940405, 0.0, 0.0]
[19930523.0, 19940406, 0.0, 0.0]
[19930524.0, 19940407, 0.0, 0.0]
[19930525.0, 19940408, 0.0, 0.0]
[19930526.0, 19940409, 0.0, 0.0]
[19930527.0, 19940410, 0.0, 0.0]
[19930528.0, 19940411, 0.0, 0.0]
[19930529.0, 19940412, 0.0, 0.0]
[19930530.0, 19940413, 0.0, 0.0]
[19930531.0, 19940414, 0.0, 0.0]
[19930601.0, 19940415, 0.0, 0.0]
[19930602.0, 19940416, 0.0, 0.0]
[19930603.0, 19940417, 0.0, 0.0]
[19930604.0, 19940418, 0.0, 0.0]
[19930605.0, 19940419, 0.0, 0.0]
[19930606.0, 19940420, 0.0, 0.0]
[19930607.0, 19940421, 0.0, 0.0]
[19930608.0, 19940422, 0.0, 0.0]
[19930609.0, 19940423, 0.0, 0.0]
[19930610.0, 19940424, 0.0, 0.0]
[19930611.0, 19940425, 0.0, 0.0]
[19930612.0, 19940426, 0.0, 0.0]
[19930613.0, 19940427, 0.0, 0.0]
[19930614.0, 19940428, 0.0, 0.0]
[19930615.0, 19940429, 0.0, 0.0]
[19930502.0, 19940316, 0.0, 0.0]
[19930501.0, 19940315, 0.0, 0.0]
[19930430.0, 19940314, 0.0, 0.0]
[19930429.0, 19940313, 0.0, 0.0]
[19930428.0, 19940312, 0.0, 0.0]
[19930427.0, 19940311, 0.0, 0.0]
[19930426.0, 19940310, 0.0, 0.0]
[19930425.0, 19940309, 0.0, 0.0]
[19930424.0, 19940308, 0.0, 0.0]
[19930423.0, 19940307, 0.0, 0.0]
[19930422.0, 19940306, 0.0, 0.0]
[19930421.0, 19940305, 0.0, 0.0]
[19930420.0, 19940304, 0.0, 0.0]
[19930419.0, 19940303, 0.0, 0.0]
[19930418.0, 19940302, 0.0, 0.0]
[19930417.0, 19940301, 0.0, 0.0]
[19930416.0, 19940228, 0.0, 0.0]
[19930415.0, 19940227, 0.0, 0.0]
[19930414.0, 19940226, 0.0, 0.0]
[19930413.0, 19940225, 0.0, 0.0]
[19930412.0, 19940224, 0.0, 0.0]
[19930411.0, 19940223, 0.0, 0.0]
[19930410.0, 19940222, 0.0, 0.0]
[19930409.0, 19940221, 0.0, 0.0]
[19930408.0, 19940220, 0.0, 0.0]
[19930407.0, 19940219, 0.0, 0.0]
[19930406.0, 19940218, 0.0, 0.0]
[19930405.0, 19940217, 0.0, 0.0]
[19930404.0, 19940216, 0.0, 0.0]
[19930403.0, 19940215, 0.0, 0.0]
[19930402.0, 19940214, 0.0, 0.0]
[19930401.0, 19940213, 0.0, 0.0]
[19930331.0, 19940212, 0.0, 0.0]
[19930330.0, 19940211, 0.0, 0.0]
[19930329.0, 19940210, 0.0, 0.0]
[19930328.0, 19940209, 0.0, 0.0]
[19930327.0, 19940208, 0.0, 0.0]
[19930326.0, 19940207, 0.0, 0.0]
[19930325.0, 19940206, 0.0, 0.0]
[19930324.0, 19940205, 0.0, 0.0]
[19930323.0, 19940204, 0.0, 0.0]
[19930322.0, 19940203, 0.0, 0.0]
[19930321.0, 19940202, 0.0, 0.0]
[19930320.0, 19940201, 0.0, 0.0]

7

[19930630.0, 19940201, 1.0, 0.0]
[19930510.0, 19940324, 0.0, 0.0]
[19930511.0, 19940325, 0.0, 0.0]
[19930512.0, 19940326, 0.0, 0.0]
[19930513.0, 19940327, 0.0, 0.0]
[19930514.0, 19940328, 0.0, 0.0]
[19930515.0, 19940329, 0.0, 0.0]
[19930516.0, 19940330, 0.0, 0.0]
[19930517.0, 19940331, 0.0, 0.0]
[19930518.0, 19940401, 0.0, 0.0]
[19930519.0, 19940402, 0.0, 0.0]
[19930520.0, 19940403, 0.0, 0.0]
[19930521.0, 19940404, 0.0, 0.0]
[19930522.0, 19940405, 0.0, 0.0]
[19930523.0, 19940406, 0.0, 0.0]
[19930524.0, 19940407, 0.0, 0.0]
[19930525.0, 19940408, 0.0, 0.0]
[19930526.0, 19940409, 0.0, 0.0]
[19930527.0, 19940410, 0.0, 0.0]
[19930528.0, 19940411, 0.0, 0.0]
[19930529.0, 19940412, 0.0, 0.0]
[19930530.0, 19940413, 0.0, 0.0]
[19930531.0, 19940414, 0.0, 0.0]
[19930601.0, 19940415, 0.0, 0.0]
[19930602.0, 19940416, 0.0, 0.0]
[19930603.0, 19940417, 0.0, 0.0]
[19930604.0, 19940418, 0.0, 0.0]
[19930605.0, 19940419, 0.0, 0.0]
[19930606.0, 19940420, 0.0, 0.0]
[19930607.0, 19940421, 0.0, 0.0]
[19930608.0, 19940422, 0.0, 0.0]
[19930609.0, 19940423, 0.0, 0.0]
[19930610.0, 19940424, 0.0, 0.0]
[19930611.0, 19940425, 0.0, 0.0]
[19930612.0, 19940426, 0.0, 0.0]
[19930613.0, 19940427, 0.0, 0.0]
[19930614.0, 19940428, 0.0, 0.0]
[19930615.0, 19940429, 0.0, 0.0]
[19930616.0, 19940430, 0.0, 0.0]
[19930617.0, 19940501, 0.0, 0.0]
[19930618.0, 19940502, 0.0, 0.0]
[19930619.0, 19940503, 0.0, 0.0]
[19930620.0, 19940504, 0.0, 0.0]
[19930621.0, 19940505, 0.0, 0.0]
[19930622.0, 19940506, 0.0, 0.0]
[19930623.0, 19940507, 0.0, 0.0]
[19930624.0, 19940508, 0.0, 0.0]
[19930625.0, 19940509, 0.0, 0.0]
[19930626.0, 19940510, 0.0, 0.0]
[19930627.0, 19940511, 0.0, 0.0]
[19930628.0, 19940512, 0.0, 0.0]
[19930629.0, 19940513, 0.0, 0.0]
[19930630.0, 19940514, 0.0, 0.0]
[19930509.0, 19940323, 0.0, 0.0]
[19930508.0, 19940322, 0.0, 0.0]
[19930507.0, 19940321, 0.0, 0.0]
[19930506.0, 19940320, 0.0, 0.0]
[19930505.0, 19940319, 0.0, 0.0]
[19930504.0, 19940318, 0.0, 0.0]
[19930503.0, 19940317, 0.0, 0.0]
[19930502.0, 19940316, 0.0, 0.0]
[19930501.0, 19940315, 0.0, 0.0]
[19930430.0, 19940314, 0.0, 0.0]
[19930429.0, 19940313, 0.0, 0.0]
[19930428.0, 19940312, 0.0, 0.0]
[19930427.0, 19940311, 0.0, 0.0]
[19930426.0, 19940310, 0.0, 0.0]
[19930425.0, 19940309, 0.0, 0.0]
[19930424.0, 19940308, 0.0, 0.0]
[19930423.0, 19940307, 0.0, 0.0]
[19930422.0, 19940306, 0.0, 0.0]
[19930421.0, 19940305, 0.0, 0.0]
[19930420.0, 19940304, 0.0, 0.0]
[19930419.0, 19940303, 0.0, 0.0]
[19930418.0, 19940302, 0.0, 0.0]
[19930417.0, 19940301, 0.0, 0.0]
[19930416.0, 19940228, 0.0, 0.0]
[19930415.0, 19940227, 0.0, 0.0]
[19930414.0, 19940226, 0.0, 0.0]
[19930413.0, 19940225, 0.0, 0.0]
[19930412.0, 19940224, 0.0, 0.0]
[19930411.0, 19940223, 0.0, 0.0]
[19930410.0, 19940222, 0.0, 0.0]
[19930409.0, 19940221, 0.0, 0.0]
[19930408.0, 19940220, 0.0, 0.0]
[19930407.0, 19940219, 0.0, 0.0]
[19930406.0, 19940218, 0.0, 0.0]
[19930405.0, 19940217, 0.0, 0.0]
[19930404.0, 19940216, 0.0, 0.0]
[19930403.0, 19940215, 0.0, 0.0]
[19930402.0, 19940214, 0.0, 0.0]
[19930401.0, 19940213, 0.0, 0.0]
[19930331.0, 19940212, 0.0, 0.0]
[19930330.0, 19940211, 0.0, 0.0]
[19930329.0, 19940210, 0.0, 0.0]
[19930328.0, 19940209, 0.0, 0.0]
[19930327.0, 19940208, 0.0, 0.0]
[19930326.0, 19940207, 0.0, 0.0]
[19930325.0, 19940206, 0.0, 0.0]
[19930324.0, 19940205, 0.0, 0.0]
[19930323.0, 19940204, 0.0, 0.0]
[19930322.0, 19940203, 0.0, 0.0]
[19930321.0, 19940202, 0.0, 0.0]
[19930320.0, 19940201, 0.0, 0.0]

8

[19930715.0, 19940201, 1.0, 0.0]
[19930518.0, 19940401, 0.0, 0.0]
[19930519.0, 19940402, 0.0, 0.0]
[19930520.0, 19940403, 0.0, 0.0]
[19930521.0, 19940404, 0.0, 0.0]
[19930522.0, 19940405, 0.0, 0.0]
[19930523.0, 19940406, 0.0, 0.0]
[19930524.0, 19940407, 0.0, 0.0]
[19930525.0, 19940408, 0.0, 0.0]
[19930526.0, 19940409, 0.0, 0.0]
[19930527.0, 19940410, 0.0, 0.0]
[19930528.0, 19940411, 0.0, 0.0]
[19930529.0, 19940412, 0.0, 0.0]
[19930530.0, 19940413, 0.0, 0.0]
[19930531.0, 19940414, 0.0, 0.0]
[19930601.0, 19940415, 0.0, 0.0]
[19930602.0, 19940416, 0.0, 0.0]
[19930603.0, 19940417, 0.0, 0.0]
[19930604.0, 19940418, 0.0, 0.0]
[19930605.0, 19940419, 0.0, 0.0]
[19930606.0, 19940420, 0.0, 0.0]
[19930607.0, 19940421, 0.0, 0.0]
[19930608.0, 19940422, 0.0, 0.0]
[19930609.0, 19940423, 0.0, 0.0]
[19930610.0, 19940424, 0.0, 0.0]
[19930611.0, 19940425, 0.0, 0.0]
[19930612.0, 19940426, 0.0, 0.0]
[19930613.0, 19940427, 0.0, 0.0]
[19930614.0, 19940428, 0.0, 0.0]
[19930615.0, 19940429, 0.0, 0.0]
[19930616.0, 19940430, 0.0, 0.0]
[19930617.0, 19940501, 0.0, 0.0]
[19930618.0, 19940502, 0.0, 0.0]
[19930619.0, 19940503, 0.0, 0.0]
[19930620.0, 19940504, 0.0, 0.0]
[19930621.0, 19940505, 0.0, 0.0]
[19930622.0, 19940506, 0.0, 0.0]
[19930623.0, 19940507, 0.0, 0.0]
[19930624.0, 19940508, 0.0, 0.0]
[19930625.0, 19940509, 0.0, 0.0]
[19930626.0, 19940510, 0.0, 0.0]
[19930627.0, 19940511, 0.0, 0.0]
[19930628.0, 19940512, 0.0, 0.0]
[19930629.0, 19940513, 0.0, 0.0]
[19930630.0, 19940514, 0.0, 0.0]
[19930701.0, 19940515, 0.0, 0.0]
[19930702.0, 19940516, 0.0, 0.0]
[19930703.0, 19940517, 0.0, 0.0]
[19930704.0, 19940518, 0.0, 0.0]
[19930705.0, 19940519, 0.0, 0.0]
[19930706.0, 19940520, 0.0, 0.0]
[19930707.0, 19940521, 0.0, 0.0]
[19930708.0, 19940522, 0.0, 0.0]
[19930709.0, 19940523, 0.0, 0.0]
[19930710.0, 19940524, 0.0, 0.0]
[19930711.0, 19940525, 0.0, 0.0]
[19930712.0, 19940526, 0.0, 0.0]
[19930713.0, 19940527, 0.0, 0.0]
[19930714.0, 19940528, 0.0, 0.0]
[19930715.0, 19940529, 0.0, 0.0]
[19930517.0, 19940331, 0.0, 0.0]
[19930516.0, 19940330, 0.0, 0.0]
[19930515.0, 19940329, 0.0, 0.0]
[19930514.0, 19940328, 0.0, 0.0]
[19930513.0, 19940327, 0.0, 0.0]
[19930512.0, 19940326, 0.0, 0.0]
[19930511.0, 19940325, 0.0, 0.0]
[19930510.0, 19940324, 0.0, 0.0]
[19930509.0, 19940323, 0.0, 0.0]
[19930508.0, 19940322, 0.0, 0.0]
[19930507.0, 19940321, 0.0, 0.0]
[19930506.0, 19940320, 0.0, 0.0]
[19930505.0, 19940319, 0.0, 0.0]
[19930504.0, 19940318, 0.0, 0.0]
[19930503.0, 19940317, 0.0, 0.0]
[19930502.0, 19940316, 0.0, 0.0]
[19930501.0, 19940315, 0.0, 0.0]
[19930430.0, 19940314, 0.0, 0.0]
[19930429.0, 19940313, 0.0, 0.0]
[19930428.0, 19940312, 0.0, 0.0]
[19930427.0, 19940311, 0.0, 0.0]
[19930426.0, 19940310, 0.0, 0.0]
[19930425.0, 19940309, 0.0, 0.0]
[19930424.0, 19940308, 0.0, 0.0]
[19930423.0, 19940307, 0.0, 0.0]
[19930422.0, 19940306, 0.0, 0.0]
[19930421.0, 19940305, 0.0, 0.0]
[19930420.0, 19940304, 0.0, 0.0]
[19930419.0, 19940303, 0.0, 0.0]
[19930418.0, 19940302, 0.0, 0.0]
[19930417.0, 19940301, 0.0, 0.0]
[19930416.0, 19940228, 0.0, 0.0]
[19930415.0, 19940227, 0.0, 0.0]
[19930414.0, 19940226, 0.0, 0.0]
[19930413.0, 19940225, 0.0, 0.0]
[19930412.0, 19940224, 0.0, 0.0]
[19930411.0, 19940223, 0.0, 0.0]
[19930410.0, 19940222, 0.0, 0.0]
[19930409.0, 19940221, 0.0, 0.0]
[19930408.0, 19940220, 0.0, 0.0]
[19930407.0, 19940219, 0.0, 0.0]
[19930406.0, 19940218, 0.0, 0.0]
[19930405.0, 19940217, 0.0, 0.0]
[19930404.0, 19940216, 0.0, 0.0]
[19930403.0, 19940215, 0.0, 0.0]
[19930402.0, 19940214, 0.0, 0.0]
[19930401.0, 19940213, 0.0, 0.0]
[19930331.0, 19940212, 0.0, 0.0]
[19930330.0, 19940211, 0.0, 0.0]
[19930329.0, 19940210, 0.0, 0.0]
[19930328.0, 19940209, 0.0, 0.0]
[19930327.0, 19940208, 0.0, 0.0]
[19930326.0, 19940207, 0.0, 0.0]
[19930325.0, 19940206, 0.0, 0.0]
[19930324.0, 19940205, 0.0, 0.0]
[19930323.0, 19940204, 0.0, 0.0]
[19930322.0, 19940203, 0.0, 0.0]
[19930321.0, 19940202, 0.0, 0.0]
[19930320.0, 19940201, 0.0, 0.0]
