selection file, result

1

[19930201, 20.0, 0.0, 1.0]
[19930107, 19.0, 1.0, 1.0]
[19930101, 19.0, 0.0, 1.0]
[19921115, 18.0, 1.0, 1.0]
[19921107, 18.0, 0.0, 1.0]
[19920920, 17.0, 1.0, 1.0]
[19920912, 17.0, 0.0, 1.0]
[19920716, 16.0, 1.0, 1.0]
[19920712, 16.0, 0.0, 1.0]
[19920514, 15.0, 1.0, 1.0]
[19920506, 15.0, 0.0, 1.0]
[19920229, 14.0, 1.0, 1.0]
[19920223, 14.0, 0.0, 1.0]
[19930130, 38.0, 1.0, 0.0]
[19930201, 39.0, 0.0, 0.0]
[19930107.0, 37.0, 1.0, 0.0]
[19921226.0, 37.0, 0.0, 0.0]
[19921215.0, 36.0, 1.0, 0.0]
[19921128.0, 36.0, 0.0, 0.0]
[19921115.0, 35.0, 1.0, 0.0]
[19921101.0, 35.0, 0.0, 0.0]
[19921017.0, 34.0, 1.0, 0.0]
[19921005.0, 34.0, 0.0, 0.0]
[19920919.0, 33.0, 1.0, 0.0]
[19920905.0, 33.0, 0.0, 0.0]
[19920821.0, 32.0, 1.0, 0.0]
[19920813.0, 32.0, 0.0, 0.0]
[19920729.0, 31.0, 1.0, 0.0]
[19920716.0, 31.0, 0.0, 0.0]
[19920628.0, 30.0, 1.0, 0.0]
[19920613.0, 30.0, 0.0, 0.0]
[19920518.0, 29.0, 1.0, 0.0]
[19920506.0, 29.0, 0.0, 0.0]
[19920416.0, 28.0, 1.0, 0.0]
[19920406.0, 28.0, 0.0, 0.0]
[19920311.0, 27.0, 1.0, 0.0]
[19920228.0, 27.0, 0.0, 0.0]
[19920124.0, 26.0, 1.0, 0.0]
[19920114.0, 26.0, 0.0, 0.0]
[19930118.0, 38.0, 0.0, 0.0]

2

[19930201, 20.0, 0.0, 1.0]
[19930107, 19.0, 1.0, 1.0]
[19930101, 19.0, 0.0, 1.0]
[19921115, 18.0, 1.0, 1.0]
[19921107, 18.0, 0.0, 1.0]
[19920920, 17.0, 1.0, 1.0]
[19920912, 17.0, 0.0, 1.0]
[19920716, 16.0, 1.0, 1.0]
[19920712, 16.0, 0.0, 1.0]
[19920514, 15.0, 1.0, 1.0]
[19920506, 15.0, 0.0, 1.0]
[19920229, 14.0, 1.0, 1.0]
[19920223, 14.0, 0.0, 1.0]
[19930130, 38.0, 1.0, 0.0]
[19930201, 39.0, 0.0, 0.0]
[19930107.0, 37.0, 1.0, 0.0]
[19921226.0, 37.0, 0.0, 0.0]
[19921215.0, 36.0, 1.0, 0.0]
[19921128.0, 36.0, 0.0, 0.0]
[19921115.0, 35.0, 1.0, 0.0]
[19921101.0, 35.0, 0.0, 0.0]
[19921017.0, 34.0, 1.0, 0.0]
[19921005.0, 34.0, 0.0, 0.0]
[19920919.0, 33.0, 1.0, 0.0]
[19920905.0, 33.0, 0.0, 0.0]
[19920821.0, 32.0, 1.0, 0.0]
[19920813.0, 32.0, 0.0, 0.0]
[19920729.0, 31.0, 1.0, 0.0]
[19920716.0, 31.0, 0.0, 0.0]
[19920628.0, 30.0, 1.0, 0.0]
[19920613.0, 30.0, 0.0, 0.0]
[19920518.0, 29.0, 1.0, 0.0]
[19920506.0, 29.0, 0.0, 0.0]
[19920416.0, 28.0, 1.0, 0.0]
[19920406.0, 28.0, 0.0, 0.0]
[19920311.0, 27.0, 1.0, 0.0]
[19920228.0, 27.0, 0.0, 0.0]
[19920124.0, 26.0, 1.0, 0.0]
[19920114.0, 26.0, 0.0, 0.0]
[19930118.0, 38.0, 0.0, 0.0]

3

[19930201, 20.0, 0.0, 1.0]
[19930107, 19.0, 1.0, 1.0]
[19930101, 19.0, 0.0, 1.0]
[19921115, 18.0, 1.0, 1.0]
[19921107, 18.0, 0.0, 1.0]
[19920920, 17.0, 1.0, 1.0]
[19920912, 17.0, 0.0, 1.0]
[19920716, 16.0, 1.0, 1.0]
[19920712, 16.0, 0.0, 1.0]
[19920514, 15.0, 1.0, 1.0]
[19920506, 15.0, 0.0, 1.0]
[19920229, 14.0, 1.0, 1.0]
[19920223, 14.0, 0.0, 1.0]
[19930130, 38.0, 1.0, 0.0]
[19930201, 39.0, 0.0, 0.0]
[19930107.0, 37.0, 1.0, 0.0]
[19921226.0, 37.0, 0.0, 0.0]
[19921215.0, 36.0, 1.0, 0.0]
[19921128.0, 36.0, 0.0, 0.0]
[19921115.0, 35.0, 1.0, 0.0]
[19921101.0, 35.0, 0.0, 0.0]
[19921017.0, 34.0, 1.0, 0.0]
[19921005.0, 34.0, 0.0, 0.0]
[19920919.0, 33.0, 1.0, 0.0]
[19920905.0, 33.0, 0.0, 0.0]
[19920821.0, 32.0, 1.0, 0.0]
[19920813.0, 32.0, 0.0, 0.0]
[19920729.0, 31.0, 1.0, 0.0]
[19920716.0, 31.0, 0.0, 0.0]
[19920628.0, 30.0, 1.0, 0.0]
[19920613.0, 30.0, 0.0, 0.0]
[19920518.0, 29.0, 1.0, 0.0]
[19920506.0, 29.0, 0.0, 0.0]
[19920416.0, 28.0, 1.0, 0.0]
[19920406.0, 28.0, 0.0, 0.0]
[19920311.0, 27.0, 1.0, 0.0]
[19920228.0, 27.0, 0.0, 0.0]
[19920124.0, 26.0, 1.0, 0.0]
[19920114.0, 26.0, 0.0, 0.0]
[19930118.0, 38.0, 0.0, 0.0]

4

[19930201, 20.0, 0.0, 1.0]
[19930107, 19.0, 1.0, 1.0]
[19930101, 19.0, 0.0, 1.0]
[19921115, 18.0, 1.0, 1.0]
[19921107, 18.0, 0.0, 1.0]
[19920920, 17.0, 1.0, 1.0]
[19920912, 17.0, 0.0, 1.0]
[19920716, 16.0, 1.0, 1.0]
[19920712, 16.0, 0.0, 1.0]
[19920514, 15.0, 1.0, 1.0]
[19920506, 15.0, 0.0, 1.0]
[19920229, 14.0, 1.0, 1.0]
[19920223, 14.0, 0.0, 1.0]
[19930130, 38.0, 1.0, 0.0]
[19930201, 39.0, 0.0, 0.0]
[19930107.0, 37.0, 1.0, 0.0]
[19921226.0, 37.0, 0.0, 0.0]
[19921215.0, 36.0, 1.0, 0.0]
[19921128.0, 36.0, 0.0, 0.0]
[19921115.0, 35.0, 1.0, 0.0]
[19921101.0, 35.0, 0.0, 0.0]
[19921017.0, 34.0, 1.0, 0.0]
[19921005.0, 34.0, 0.0, 0.0]
[19920919.0, 33.0, 1.0, 0.0]
[19920905.0, 33.0, 0.0, 0.0]
[19920821.0, 32.0, 1.0, 0.0]
[19920813.0, 32.0, 0.0, 0.0]
[19920729.0, 31.0, 1.0, 0.0]
[19920716.0, 31.0, 0.0, 0.0]
[19920628.0, 30.0, 1.0, 0.0]
[19920613.0, 30.0, 0.0, 0.0]
[19920518.0, 29.0, 1.0, 0.0]
[19920506.0, 29.0, 0.0, 0.0]
[19920416.0, 28.0, 1.0, 0.0]
[19920406.0, 28.0, 0.0, 0.0]
[19920311.0, 27.0, 1.0, 0.0]
[19920228.0, 27.0, 0.0, 0.0]
[19920124.0, 26.0, 1.0, 0.0]
[19920114.0, 26.0, 0.0, 0.0]
[19930118.0, 38.0, 0.0, 0.0]

5

[19930201, 20.0, 0.0, 1.0]
[19930107, 19.0, 1.0, 1.0]
[19930101, 19.0, 0.0, 1.0]
[19921115, 18.0, 1.0, 1.0]
[19921107, 18.0, 0.0, 1.0]
[19930130, 38.0, 1.0, 0.0]
[19930201, 39.0, 0.0, 0.0]
[19930107.0, 37.0, 1.0, 0.0]
[19921226.0, 37.0, 0.0, 0.0]
[19921215.0, 36.0, 1.0, 0.0]
[19921128.0, 36.0, 0.0, 0.0]
[19921115.0, 35.0, 1.0, 0.0]
[19921101.0, 35.0, 0.0, 0.0]
[19921017.0, 34.0, 1.0, 0.0]
[19921005.0, 34.0, 0.0, 0.0]
[19920919.0, 33.0, 1.0, 0.0]
[19920905.0, 33.0, 0.0, 0.0]
[19920821.0, 32.0, 1.0, 0.0]
[19920813.0, 32.0, 0.0, 0.0]
[19920729.0, 31.0, 1.0, 0.0]
[19920716.0, 31.0, 0.0, 0.0]
[19920628.0, 30.0, 1.0, 0.0]
[19920613.0, 30.0, 0.0, 0.0]
[19920518.0, 29.0, 1.0, 0.0]
[19920506.0, 29.0, 0.0, 0.0]
[19920416.0, 28.0, 1.0, 0.0]
[19920406.0, 28.0, 0.0, 0.0]
[19920311.0, 27.0, 1.0, 0.0]
[19920228.0, 27.0, 0.0, 0.0]
[19920124.0, 26.0, 1.0, 0.0]
[19920114.0, 26.0, 0.0, 0.0]
[19930118.0, 38.0, 0.0, 0.0]

6

[19930201, 22.0, 0.0, 1.0]
[19930130, 38.0, 1.0, 0.0]
[19930201, 39.0, 0.0, 0.0]
[19930107.0, 37.0, 1.0, 0.0]
[19921226.0, 37.0, 0.0, 0.0]
[19921215.0, 36.0, 1.0, 0.0]
[19921128.0, 36.0, 0.0, 0.0]
[19921115.0, 35.0, 1.0, 0.0]
[19921101.0, 35.0, 0.0, 0.0]
[19921017.0, 34.0, 1.0, 0.0]
[19921005.0, 34.0, 0.0, 0.0]
[19920919.0, 33.0, 1.0, 0.0]
[19920905.0, 33.0, 0.0, 0.0]
[19920821.0, 32.0, 1.0, 0.0]
[19920813.0, 32.0, 0.0, 0.0]
[19920729.0, 31.0, 1.0, 0.0]
[19920716.0, 31.0, 0.0, 0.0]
[19920628.0, 30.0, 1.0, 0.0]
[19920613.0, 30.0, 0.0, 0.0]
[19920518.0, 29.0, 1.0, 0.0]
[19920506.0, 29.0, 0.0, 0.0]
[19920416.0, 28.0, 1.0, 0.0]
[19920406.0, 28.0, 0.0, 0.0]
[19920311.0, 27.0, 1.0, 0.0]
[19920228.0, 27.0, 0.0, 0.0]
[19920124.0, 26.0, 1.0, 0.0]
[19920114.0, 26.0, 0.0, 0.0]
[19930118.0, 38.0, 0.0, 0.0]

7

[19930201, 26.0, 0.0, 1.0]
[19930130, 38.0, 1.0, 0.0]
[19930201, 39.0, 0.0, 0.0]
[19930107.0, 37.0, 1.0, 0.0]
[19921226.0, 37.0, 0.0, 0.0]
[19921215.0, 36.0, 1.0, 0.0]
[19921128.0, 36.0, 0.0, 0.0]
[19921115.0, 35.0, 1.0, 0.0]
[19921101.0, 35.0, 0.0, 0.0]
[19921017.0, 34.0, 1.0, 0.0]
[19921005.0, 34.0, 0.0, 0.0]
[19920919.0, 33.0, 1.0, 0.0]
[19920905.0, 33.0, 0.0, 0.0]
[19920821.0, 32.0, 1.0, 0.0]
[19920813.0, 32.0, 0.0, 0.0]
[19920729.0, 31.0, 1.0, 0.0]
[19920716.0, 31.0, 0.0, 0.0]
[19920628.0, 30.0, 1.0, 0.0]
[19920613.0, 30.0, 0.0, 0.0]
[19920518.0, 29.0, 1.0, 0.0]
[19920506.0, 29.0, 0.0, 0.0]
[19920416.0, 28.0, 1.0, 0.0]
[19920406.0, 28.0, 0.0, 0.0]
[19920311.0, 27.0, 1.0, 0.0]
[19920228.0, 27.0, 0.0, 0.0]
[19920124.0, 26.0, 1.0, 0.0]
[19920114.0, 26.0, 0.0, 0.0]
[19930118.0, 38.0, 0.0, 0.0]

8

[19930201, 30.0, 0.0, 1.0]
[19930130, 38.0, 1.0, 0.0]
[19930201, 39.0, 0.0, 0.0]
[19930107.0, 37.0, 1.0, 0.0]
[19921226.0, 37.0, 0.0, 0.0]
[19921215.0, 36.0, 1.0, 0.0]
[19921128.0, 36.0, 0.0, 0.0]
[19921115.0, 35.0, 1.0, 0.0]
[19921101.0, 35.0, 0.0, 0.0]
[19921017.0, 34.0, 1.0, 0.0]
[19921005.0, 34.0, 0.0, 0.0]
[19920919.0, 33.0, 1.0, 0.0]
[19920905.0, 33.0, 0.0, 0.0]
[19920821.0, 32.0, 1.0, 0.0]
[19920813.0, 32.0, 0.0, 0.0]
[19920729.0, 31.0, 1.0, 0.0]
[19920716.0, 31.0, 0.0, 0.0]
[19920628.0, 30.0, 1.0, 0.0]
[19920613.0, 30.0, 0.0, 0.0]
[19930118.0, 38.0, 0.0, 0.0]

9

[19930201, 34.0, 0.0, 1.0]
[19930130, 38.0, 1.0, 0.0]
[19930201, 39.0, 0.0, 0.0]
[19930107.0, 37.0, 1.0, 0.0]
[19921226.0, 37.0, 0.0, 0.0]
[19921215.0, 36.0, 1.0, 0.0]
[19921128.0, 36.0, 0.0, 0.0]
[19921115.0, 35.0, 1.0, 0.0]
[19921101.0, 35.0, 0.0, 0.0]
[19921017.0, 34.0, 1.0, 0.0]
[19921005.0, 34.0, 0.0, 0.0]
[19930118.0, 38.0, 0.0, 0.0]

10

[19930201, 38.0, 0.0, 1.0]
[19930201, 39.0, 0.0, 0.0]
[19930130, 38.0, 1.0, 0.0]
[19930118, 38.0, 0.0, 0.0]
