selection file, result

1

[25.0, 22.0, 1.0, 0.0, 0.0]
[25.0, 24.0, 1.0, 1.0, 1.0]
[37.0, 23.0, 1.0, 1.0, 0.0]
[51.0, 23.0, 1.0, 1.0, 1.0]
[46.0, 22.0, 1.0, 1.0, 0.0]
[61.0, 22.0, 1.0, 1.0, 1.0]
[51.0, 22.0, 1.0, 0.0, 1.0]

2

[30.0, 22.0, 1.0, 0.0, 0.0]
[30.0, 24.0, 1.0, 1.0, 1.0]
[37.0, 23.0, 1.0, 1.0, 0.0]
[51.0, 23.0, 1.0, 1.0, 1.0]
[46.0, 22.0, 1.0, 1.0, 0.0]
[61.0, 22.0, 1.0, 1.0, 1.0]
[51.0, 22.0, 1.0, 0.0, 1.0]

3

[35.0, 22.0, 1.0, 0.0, 0.0]
[35.0, 24.0, 1.0, 1.0, 1.0]
[37.0, 23.0, 1.0, 1.0, 0.0]
[51.0, 23.0, 1.0, 1.0, 1.0]
[46.0, 22.0, 1.0, 1.0, 0.0]
[61.0, 22.0, 1.0, 1.0, 1.0]
[51.0, 22.0, 1.0, 0.0, 1.0]

4

[40.0, 22.0, 1.0, 0.0, 0.0]
[40.0, 23.0, 1.0, 1.0, 0.0]
[46.0, 22.0, 1.0, 1.0, 0.0]
[61.0, 22.0, 1.0, 1.0, 1.0]
[40.0, 24.0, 1.0, 1.0, 1.0]
[51.0, 23.0, 1.0, 1.0, 1.0]
[51.0, 22.0, 1.0, 0.0, 1.0]

5

[45.0, 22.0, 1.0, 0.0, 0.0]
[45.0, 23.0, 1.0, 1.0, 0.0]
[46.0, 22.0, 1.0, 1.0, 0.0]
[61.0, 22.0, 1.0, 1.0, 1.0]
[45.0, 24.0, 1.0, 1.0, 1.0]
[51.0, 23.0, 1.0, 1.0, 1.0]
[51.0, 22.0, 1.0, 0.0, 1.0]

6

[50.0, 22.0, 1.0, 1.0, 0.0]
[51.0, 22.0, 1.0, 0.0, 1.0]
[50.0, 24.0, 1.0, 1.0, 1.0]
[51.0, 23.0, 1.0, 1.0, 1.0]
[61.0, 22.0, 1.0, 1.0, 1.0]

7

[55.0, 22.0, 1.0, 1.0, 0.0]
[55.0, 22.0, 1.0, 0.0, 1.0]
[55.0, 23.0, 1.0, 1.0, 1.0]
[61.0, 22.0, 1.0, 1.0, 1.0]

8

[60.0, 22.0, 1.0, 1.0, 0.0]
[60.0, 22.0, 1.0, 0.0, 1.0]
[60.0, 23.0, 1.0, 1.0, 1.0]
[61.0, 22.0, 1.0, 1.0, 1.0]
