selection file, result

1

[19930401, 19950101.0, 0.0, 0.0]
[19930426, 19941206.0, 1.0, 0.0]
[19930425, 19941205.0, 1.0, 0.0]
[19930425, 19940204.0, 1.0, 1.0]
[19930421, 19941203.0, 1.0, 0.0]
[19930418, 19941201.0, 1.0, 0.0]
[19930418, 19940128.0, 1.0, 1.0]
[19930416, 19941129.0, 1.0, 0.0]
[19930416, 19940126.0, 1.0, 1.0]
[19930414, 19941127.0, 1.0, 0.0]
[19930414, 19940124.0, 1.0, 1.0]
[19930412, 19941125.0, 1.0, 0.0]
[19930412, 19940122.0, 1.0, 1.0]
[19930410, 19941122.0, 1.0, 0.0]
[19930410, 19940120.0, 1.0, 1.0]
[19930408, 19941120.0, 1.0, 0.0]
[19930408, 19940118.0, 1.0, 1.0]
[19930406, 19941119.0, 1.0, 0.0]
[19930406, 19940116.0, 1.0, 1.0]
[19930404, 19941117.0, 1.0, 0.0]
[19930404, 19940114.0, 1.0, 1.0]
[19930402, 19941115.0, 1.0, 0.0]
[19930402, 19940112.0, 1.0, 1.0]
[19930428.0, 19941208.0, 1.0, 0.0]
[19930430.0, 19941210.0, 1.0, 0.0]
[19940226.0, 19941210.0, 1.0, 1.0]
[19930503.0, 19941212.0, 1.0, 0.0]
[19940227.0, 19941212.0, 1.0, 1.0]
[19930505.0, 19941214.0, 1.0, 0.0]
[19940229.0, 19941214.0, 1.0, 1.0]
[19930507.0, 19941216.0, 1.0, 0.0]
[19940304.0, 19941216.0, 1.0, 1.0]
[19930510.0, 19941218.0, 1.0, 0.0]
[19940306.0, 19941218.0, 1.0, 1.0]
[19930512.0, 19941221.0, 1.0, 0.0]
[19940309.0, 19941221.0, 1.0, 1.0]
[19930514.0, 19941223.0, 1.0, 0.0]
[19940312.0, 19941223.0, 1.0, 1.0]
[19930516.0, 19941225.0, 1.0, 0.0]
[19940314.0, 19941225.0, 1.0, 1.0]
[19930518.0, 19941227.0, 1.0, 0.0]
[19940317.0, 19941227.0, 1.0, 1.0]
[19930520.0, 19941229.0, 1.0, 0.0]
[19940318.0, 19941229.0, 1.0, 1.0]
[19930523.0, 19950101.0, 1.0, 0.0]
[19940322.0, 19950101.0, 1.0, 1.0]
[19930522.0, 19941230.0, 1.0, 0.0]
[19940320.0, 19941230.0, 1.0, 1.0]
[19930519.0, 19941228.0, 1.0, 0.0]
[19930517.0, 19941226.0, 1.0, 0.0]
[19940315.0, 19941226.0, 1.0, 1.0]
[19930515.0, 19941224.0, 1.0, 0.0]
[19940313.0, 19941224.0, 1.0, 1.0]
[19930513.0, 19941222.0, 1.0, 0.0]
[19940311.0, 19941222.0, 1.0, 1.0]
[19930511.0, 19941219.0, 1.0, 0.0]
[19940307.0, 19941219.0, 1.0, 1.0]
[19930508.0, 19941217.0, 1.0, 0.0]
[19940305.0, 19941217.0, 1.0, 1.0]
[19930506.0, 19941215.0, 1.0, 0.0]
[19940303.0, 19941215.0, 1.0, 1.0]
[19930504.0, 19941213.0, 1.0, 0.0]
[19930502.0, 19941211.0, 1.0, 0.0]
[19930429.0, 19941209.0, 1.0, 0.0]
[19940224.0, 19941209.0, 1.0, 1.0]
[19930401, 19941114.0, 1.0, 0.0]
[19930401, 19940111.0, 1.0, 1.0]
[19930403, 19941116.0, 1.0, 0.0]
[19930403, 19940113.0, 1.0, 1.0]
[19930405, 19941118.0, 1.0, 0.0]
[19930405, 19940115.0, 1.0, 1.0]
[19930407, 19940117.0, 1.0, 1.0]
[19930409, 19941121.0, 1.0, 0.0]
[19930409, 19940119.0, 1.0, 1.0]
[19930411, 19941123.0, 1.0, 0.0]
[19930411, 19940121.0, 1.0, 1.0]
[19930413, 19941126.0, 1.0, 0.0]
[19930413, 19940123.0, 1.0, 1.0]
[19930415, 19941128.0, 1.0, 0.0]
[19930415, 19940125.0, 1.0, 1.0]
[19930417, 19940127.0, 1.0, 1.0]
[19930420, 19941202.0, 1.0, 0.0]
[19930420, 19940130.0, 1.0, 1.0]
[19930422, 19940201.0, 1.0, 1.0]
[19930424, 19941204.0, 1.0, 0.0]
[19930424, 19940203.0, 1.0, 1.0]
[19930427.0, 19941207.0, 1.0, 0.0]
[19940223.0, 19941207.0, 1.0, 1.0]
[19930924.0, 19940708.0, 1.0, 1.0]
[19930923.0, 19940707.0, 1.0, 1.0]
[19930922.0, 19940706.0, 1.0, 1.0]
[19930921.0, 19940705.0, 1.0, 1.0]
[19930920.0, 19940704.0, 1.0, 1.0]
[19930919.0, 19940702.0, 1.0, 1.0]
[19930917.0, 19940701.0, 1.0, 1.0]
[19930915.0, 19940629.0, 1.0, 1.0]
[19930914.0, 19940628.0, 1.0, 1.0]
[19930913.0, 19940627.0, 1.0, 1.0]
[19930912.0, 19940625.0, 1.0, 1.0]
[19930910.0, 19940624.0, 1.0, 1.0]
[19930909.0, 19940623.0, 1.0, 1.0]
[19930908.0, 19940621.0, 1.0, 1.0]
[19930907.0, 19940620.0, 1.0, 1.0]
[19930906.0, 19940619.0, 1.0, 1.0]
[19930905.0, 19940618.0, 1.0, 1.0]
[19930904.0, 19940617.0, 1.0, 1.0]
[19930903.0, 19940616.0, 1.0, 1.0]
[19930902.0, 19940615.0, 1.0, 1.0]
[19930832.0, 19940614.0, 1.0, 1.0]
[19930830.0, 19940612.0, 1.0, 1.0]
[19930829.0, 19940611.0, 1.0, 1.0]
[19930828.0, 19940609.0, 1.0, 1.0]
[19930827.0, 19940608.0, 1.0, 1.0]
[19930825.0, 19940607.0, 1.0, 1.0]
[19930824.0, 19940606.0, 1.0, 1.0]
[19930823.0, 19940604.0, 1.0, 1.0]
[19930822.0, 19940603.0, 1.0, 1.0]
[19930821.0, 19940602.0, 1.0, 1.0]
[19930820.0, 19940601.0, 1.0, 1.0]
[19930819.0, 19940530.0, 1.0, 1.0]
[19930818.0, 19940529.0, 1.0, 1.0]
[19930817.0, 19940528.0, 1.0, 1.0]
[19930816.0, 19940527.0, 1.0, 1.0]
[19930815.0, 19940526.0, 1.0, 1.0]
[19930814.0, 19940525.0, 1.0, 1.0]
[19930813.0, 19940524.0, 1.0, 1.0]
[19930811.0, 19940523.0, 1.0, 1.0]
[19930810.0, 19940522.0, 1.0, 1.0]
[19930809.0, 19940521.0, 1.0, 1.0]
[19930808.0, 19940520.0, 1.0, 1.0]
[19930807.0, 19940519.0, 1.0, 1.0]
[19930805.0, 19940518.0, 1.0, 1.0]
[19930804.0, 19940517.0, 1.0, 1.0]
[19930803.0, 19940516.0, 1.0, 1.0]
[19930802.0, 19940515.0, 1.0, 1.0]
[19930732.0, 19940514.0, 1.0, 1.0]
[19930731.0, 19940512.0, 1.0, 1.0]
[19930730.0, 19940511.0, 1.0, 1.0]
[19930729.0, 19940510.0, 1.0, 1.0]
[19930728.0, 19940509.0, 1.0, 1.0]
[19930727.0, 19940508.0, 1.0, 1.0]
[19930726.0, 19940507.0, 1.0, 1.0]
[19930725.0, 19940506.0, 1.0, 1.0]
[19930724.0, 19940505.0, 1.0, 1.0]
[19930723.0, 19940504.0, 1.0, 1.0]
[19930722.0, 19940503.0, 1.0, 1.0]
[19930721.0, 19940502.0, 1.0, 1.0]
[19930720.0, 19940501.0, 1.0, 1.0]
[19930718.0, 19940429.0, 1.0, 1.0]
[19930717.0, 19940428.0, 1.0, 1.0]
[19930716.0, 19940427.0, 1.0, 1.0]
[19930715.0, 19940426.0, 1.0, 1.0]
[19930714.0, 19940425.0, 1.0, 1.0]
[19930713.0, 19940423.0, 1.0, 1.0]
[19930712.0, 19940422.0, 1.0, 1.0]
[19930711.0, 19940421.0, 1.0, 1.0]
[19930710.0, 19940420.0, 1.0, 1.0]
[19930709.0, 19940419.0, 1.0, 1.0]
[19930708.0, 19940418.0, 1.0, 1.0]
[19930707.0, 19940417.0, 1.0, 1.0]
[19930706.0, 19940416.0, 1.0, 1.0]
[19930705.0, 19940415.0, 1.0, 1.0]
[19930704.0, 19940414.0, 1.0, 1.0]
[19930703.0, 19940413.0, 1.0, 1.0]
[19930702.0, 19940412.0, 1.0, 1.0]
[19930631.0, 19940411.0, 1.0, 1.0]
[19930630.0, 19940410.0, 1.0, 1.0]
[19930629.0, 19940409.0, 1.0, 1.0]
[19930628.0, 19940408.0, 1.0, 1.0]
[19930627.0, 19940407.0, 1.0, 1.0]
[19930625.0, 19940406.0, 1.0, 1.0]
[19930624.0, 19940404.0, 1.0, 1.0]
[19930623.0, 19940403.0, 1.0, 1.0]
[19930622.0, 19940402.0, 1.0, 1.0]
[19930621.0, 19940401.0, 1.0, 1.0]
[19930619.0, 19940330.0, 1.0, 1.0]
[19930618.0, 19940329.0, 1.0, 1.0]
[19930617.0, 19940328.0, 1.0, 1.0]
[19930616.0, 19940327.0, 1.0, 1.0]
[19930614.0, 19940326.0, 1.0, 1.0]
[19930613.0, 19940325.0, 1.0, 1.0]
[19930612.0, 19940324.0, 1.0, 1.0]
[19930611.0, 19940323.0, 1.0, 1.0]
[19930610.0, 19940322.0, 1.0, 1.0]
[19930609.0, 19940321.0, 1.0, 1.0]
[19930608.0, 19940320.0, 1.0, 1.0]
[19930607.0, 19940319.0, 1.0, 1.0]
[19930606.0, 19940318.0, 1.0, 1.0]
[19930605.0, 19940317.0, 1.0, 1.0]
[19930604.0, 19940316.0, 1.0, 1.0]
[19930603.0, 19940315.0, 1.0, 1.0]
[19930602.0, 19940314.0, 1.0, 1.0]
[19930532.0, 19940313.0, 1.0, 1.0]
[19930531.0, 19940312.0, 1.0, 1.0]
[19930530.0, 19940311.0, 1.0, 1.0]
[19930529.0, 19940310.0, 1.0, 1.0]
[19930528.0, 19940309.0, 1.0, 1.0]
[19930527.0, 19940308.0, 1.0, 1.0]
[19930526.0, 19940307.0, 1.0, 1.0]
[19930525.0, 19940306.0, 1.0, 1.0]
[19930524.0, 19940305.0, 1.0, 1.0]
[19930523.0, 19940304.0, 1.0, 1.0]
[19930522.0, 19940303.0, 1.0, 1.0]
[19930521.0, 19940302.0, 1.0, 1.0]
[19930520.0, 19940301.0, 1.0, 1.0]
[19930518.0, 19940227.0, 1.0, 1.0]
[19930516.0, 19940226.0, 1.0, 1.0]
[19930515.0, 19940225.0, 1.0, 1.0]
[19930514.0, 19940224.0, 1.0, 1.0]
[19930513.0, 19940223.0, 1.0, 1.0]
[19930512.0, 19940222.0, 1.0, 1.0]
[19930511.0, 19940221.0, 1.0, 1.0]
[19930510.0, 19940220.0, 1.0, 1.0]
[19930509.0, 19940219.0, 1.0, 1.0]
[19930508.0, 19940218.0, 1.0, 1.0]
[19930507.0, 19940217.0, 1.0, 1.0]
[19930506.0, 19940215.0, 1.0, 1.0]
[19930505.0, 19940214.0, 1.0, 1.0]
[19930504.0, 19940213.0, 1.0, 1.0]
[19930503.0, 19940212.0, 1.0, 1.0]
[19930502.0, 19940211.0, 1.0, 1.0]
[19930431.0, 19940210.0, 1.0, 1.0]
[19930430.0, 19940209.0, 1.0, 1.0]
[19930429.0, 19940208.0, 1.0, 1.0]
[19930428.0, 19940207.0, 1.0, 1.0]
[19930427.0, 19940206.0, 1.0, 1.0]
[19930426.0, 19940205.0, 1.0, 1.0]
[19930926.0, 19940710.0, 1.0, 1.0]
[19930927.0, 19940711.0, 1.0, 1.0]
[19930928.0, 19940712.0, 1.0, 1.0]
[19930929.0, 19940713.0, 1.0, 1.0]
[19930930.0, 19940714.0, 1.0, 1.0]
[19930931.0, 19940715.0, 1.0, 1.0]
[19931003.0, 19940716.0, 1.0, 1.0]
[19931004.0, 19940718.0, 1.0, 1.0]
[19931006.0, 19940719.0, 1.0, 1.0]
[19931007.0, 19940720.0, 1.0, 1.0]
[19931008.0, 19940721.0, 1.0, 1.0]
[19931009.0, 19940722.0, 1.0, 1.0]
[19931010.0, 19940723.0, 1.0, 1.0]
[19931011.0, 19940724.0, 1.0, 1.0]
[19931012.0, 19940725.0, 1.0, 1.0]
[19931013.0, 19940726.0, 1.0, 1.0]
[19931014.0, 19940727.0, 1.0, 1.0]
[19931015.0, 19940728.0, 1.0, 1.0]
[19931016.0, 19940729.0, 1.0, 1.0]
[19931017.0, 19940730.0, 1.0, 1.0]
[19931020.0, 19940801.0, 1.0, 1.0]
[19931021.0, 19940802.0, 1.0, 1.0]
[19931022.0, 19940803.0, 1.0, 1.0]
[19931023.0, 19940804.0, 1.0, 1.0]
[19931024.0, 19940806.0, 1.0, 1.0]
[19931025.0, 19940807.0, 1.0, 1.0]
[19931026.0, 19940808.0, 1.0, 1.0]
[19931027.0, 19940809.0, 1.0, 1.0]
[19931028.0, 19940810.0, 1.0, 1.0]
[19931029.0, 19940811.0, 1.0, 1.0]
[19931030.0, 19940812.0, 1.0, 1.0]
[19931031.0, 19940813.0, 1.0, 1.0]
[19931032.0, 19940814.0, 1.0, 1.0]
[19931102.0, 19940815.0, 1.0, 1.0]
[19931103.0, 19940816.0, 1.0, 1.0]
[19931104.0, 19940817.0, 1.0, 1.0]
[19931105.0, 19940818.0, 1.0, 1.0]
[19931107.0, 19940819.0, 1.0, 1.0]
[19931108.0, 19940820.0, 1.0, 1.0]
[19931109.0, 19940822.0, 1.0, 1.0]
[19931110.0, 19940823.0, 1.0, 1.0]
[19931111.0, 19940824.0, 1.0, 1.0]
[19931112.0, 19940825.0, 1.0, 1.0]
[19931113.0, 19940826.0, 1.0, 1.0]
[19931114.0, 19940827.0, 1.0, 1.0]
[19931116.0, 19940828.0, 1.0, 1.0]
[19931117.0, 19940829.0, 1.0, 1.0]
[19931118.0, 19940830.0, 1.0, 1.0]
[19931119.0, 19940901.0, 1.0, 1.0]
[19931121.0, 19940903.0, 1.0, 1.0]
[19931122.0, 19940904.0, 1.0, 1.0]
[19931123.0, 19940905.0, 1.0, 1.0]
[19931124.0, 19940906.0, 1.0, 1.0]
[19931125.0, 19940907.0, 1.0, 1.0]
[19931126.0, 19940908.0, 1.0, 1.0]
[19931127.0, 19940909.0, 1.0, 1.0]
[19931128.0, 19940910.0, 1.0, 1.0]
[19931129.0, 19940911.0, 1.0, 1.0]
[19931130.0, 19940912.0, 1.0, 1.0]
[19931131.0, 19940913.0, 1.0, 1.0]
[19931203.0, 19940915.0, 1.0, 1.0]
[19931204.0, 19940916.0, 1.0, 1.0]
[19931205.0, 19940917.0, 1.0, 1.0]
[19931206.0, 19940918.0, 1.0, 1.0]
[19931207.0, 19940919.0, 1.0, 1.0]
[19931208.0, 19940920.0, 1.0, 1.0]
[19931209.0, 19940921.0, 1.0, 1.0]
[19931210.0, 19940922.0, 1.0, 1.0]
[19931211.0, 19940924.0, 1.0, 1.0]
[19931212.0, 19940925.0, 1.0, 1.0]
[19931213.0, 19940926.0, 1.0, 1.0]
[19931215.0, 19940927.0, 1.0, 1.0]
[19931216.0, 19940929.0, 1.0, 1.0]
[19931218.0, 19941001.0, 1.0, 1.0]
[19931219.0, 19941002.0, 1.0, 1.0]
[19931220.0, 19941003.0, 1.0, 1.0]
[19931221.0, 19941004.0, 1.0, 1.0]
[19931222.0, 19941005.0, 1.0, 1.0]
[19931223.0, 19941006.0, 1.0, 1.0]
[19931224.0, 19941007.0, 1.0, 1.0]
[19931225.0, 19941008.0, 1.0, 1.0]
[19931226.0, 19941009.0, 1.0, 1.0]
[19931227.0, 19941010.0, 1.0, 1.0]
[19931228.0, 19941012.0, 1.0, 1.0]
[19931229.0, 19941013.0, 1.0, 1.0]
[19931230.0, 19941014.0, 1.0, 1.0]
[19931231.0, 19941015.0, 1.0, 1.0]
[19940102.0, 19941016.0, 1.0, 1.0]
[19940103.0, 19941017.0, 1.0, 1.0]
[19940104.0, 19941018.0, 1.0, 1.0]
[19940105.0, 19941019.0, 1.0, 1.0]
[19940106.0, 19941020.0, 1.0, 1.0]
[19940107.0, 19941021.0, 1.0, 1.0]
[19940108.0, 19941022.0, 1.0, 1.0]
[19940109.0, 19941023.0, 1.0, 1.0]
[19940110.0, 19941025.0, 1.0, 1.0]
[19940111.0, 19941026.0, 1.0, 1.0]
[19940112.0, 19941027.0, 1.0, 1.0]
[19940113.0, 19941028.0, 1.0, 1.0]
[19940114.0, 19941029.0, 1.0, 1.0]
[19940115.0, 19941030.0, 1.0, 1.0]
[19940117.0, 19941101.0, 1.0, 1.0]
[19940119.0, 19941102.0, 1.0, 1.0]
[19940120.0, 19941104.0, 1.0, 1.0]
[19940121.0, 19941105.0, 1.0, 1.0]
[19940123.0, 19941106.0, 1.0, 1.0]
[19940124.0, 19941107.0, 1.0, 1.0]
[19940125.0, 19941108.0, 1.0, 1.0]
[19940126.0, 19941109.0, 1.0, 1.0]
[19940127.0, 19941110.0, 1.0, 1.0]
[19940128.0, 19941111.0, 1.0, 1.0]
[19940130.0, 19941112.0, 1.0, 1.0]
[19940131.0, 19941113.0, 1.0, 1.0]
[19940132.0, 19941115.0, 1.0, 1.0]
[19940202.0, 19941116.0, 1.0, 1.0]
[19940203.0, 19941117.0, 1.0, 1.0]
[19940204.0, 19941118.0, 1.0, 1.0]
[19940205.0, 19941119.0, 1.0, 1.0]
[19940206.0, 19941120.0, 1.0, 1.0]
[19940207.0, 19941121.0, 1.0, 1.0]
[19940208.0, 19941122.0, 1.0, 1.0]
[19940209.0, 19941124.0, 1.0, 1.0]
[19940210.0, 19941125.0, 1.0, 1.0]
[19940211.0, 19941126.0, 1.0, 1.0]
[19940212.0, 19941127.0, 1.0, 1.0]
[19940213.0, 19941128.0, 1.0, 1.0]
[19940215.0, 19941129.0, 1.0, 1.0]
[19940217.0, 19941201.0, 1.0, 1.0]
[19940218.0, 19941202.0, 1.0, 1.0]
[19940219.0, 19941203.0, 1.0, 1.0]
[19940220.0, 19941204.0, 1.0, 1.0]
[19940221.0, 19941205.0, 1.0, 1.0]
[19940222.0, 19941206.0, 1.0, 1.0]
[19930925.0, 19940709.0, 1.0, 1.0]
[19930424, 19941210.0, 0.0, 1.0]
[19930423, 19941208.0, 0.0, 1.0]
[19930422, 19941207.0, 0.0, 1.0]
[19930421, 19941206.0, 0.0, 1.0]
[19930419, 19941205.0, 0.0, 1.0]
[19930418, 19941203.0, 0.0, 1.0]
[19930426.0, 19941212.0, 0.0, 1.0]
[19930427.0, 19941213.0, 0.0, 1.0]
[19930428.0, 19941214.0, 0.0, 1.0]
[19930429.0, 19941215.0, 0.0, 1.0]
[19930430.0, 19941216.0, 0.0, 1.0]
[19930431.0, 19941217.0, 0.0, 1.0]
[19930502.0, 19941218.0, 0.0, 1.0]
[19930503.0, 19941219.0, 0.0, 1.0]
[19930504.0, 19941220.0, 0.0, 1.0]
[19930505.0, 19941221.0, 0.0, 1.0]
[19930506.0, 19941222.0, 0.0, 1.0]
[19930507.0, 19941223.0, 0.0, 1.0]
[19930508.0, 19941224.0, 0.0, 1.0]
[19930509.0, 19941225.0, 0.0, 1.0]
[19930510.0, 19941226.0, 0.0, 1.0]
[19930511.0, 19941227.0, 0.0, 1.0]
[19930512.0, 19941228.0, 0.0, 1.0]
[19930513.0, 19941229.0, 0.0, 1.0]
[19930514.0, 19941230.0, 0.0, 1.0]
[19930516.0, 19950101.0, 0.0, 1.0]
[19930425.0, 19941211.0, 0.0, 1.0]

2

[19930601, 19950101.0, 1.0, 0.0]
[19930601, 19950101.0, 0.0, 1.0]
[19931025, 19940807.0, 1.0, 1.0]
[19931024, 19940806.0, 1.0, 1.0]
[19931023, 19940804.0, 1.0, 1.0]
[19931022, 19940803.0, 1.0, 1.0]
[19931021, 19940802.0, 1.0, 1.0]
[19931020, 19940801.0, 1.0, 1.0]
[19931017, 19940730.0, 1.0, 1.0]
[19931016, 19940729.0, 1.0, 1.0]
[19931015, 19940728.0, 1.0, 1.0]
[19931014, 19940727.0, 1.0, 1.0]
[19931013, 19940726.0, 1.0, 1.0]
[19931012, 19940725.0, 1.0, 1.0]
[19931011, 19940724.0, 1.0, 1.0]
[19931010, 19940723.0, 1.0, 1.0]
[19931009, 19940722.0, 1.0, 1.0]
[19931008, 19940721.0, 1.0, 1.0]
[19931007, 19940720.0, 1.0, 1.0]
[19931006, 19940719.0, 1.0, 1.0]
[19931004, 19940718.0, 1.0, 1.0]
[19931003, 19940716.0, 1.0, 1.0]
[19930931, 19940715.0, 1.0, 1.0]
[19930930, 19940714.0, 1.0, 1.0]
[19930929, 19940713.0, 1.0, 1.0]
[19930928, 19940712.0, 1.0, 1.0]
[19930927, 19940711.0, 1.0, 1.0]
[19930926, 19940710.0, 1.0, 1.0]
[19930925, 19940709.0, 1.0, 1.0]
[19930924, 19940708.0, 1.0, 1.0]
[19930923, 19940707.0, 1.0, 1.0]
[19930922, 19940706.0, 1.0, 1.0]
[19930921, 19940705.0, 1.0, 1.0]
[19930920, 19940704.0, 1.0, 1.0]
[19930919, 19940702.0, 1.0, 1.0]
[19930917, 19940701.0, 1.0, 1.0]
[19930915, 19940629.0, 1.0, 1.0]
[19930914, 19940628.0, 1.0, 1.0]
[19930913, 19940627.0, 1.0, 1.0]
[19930912, 19940625.0, 1.0, 1.0]
[19930910, 19940624.0, 1.0, 1.0]
[19930909, 19940623.0, 1.0, 1.0]
[19930908, 19940621.0, 1.0, 1.0]
[19930907, 19940620.0, 1.0, 1.0]
[19930906, 19940619.0, 1.0, 1.0]
[19930905, 19940618.0, 1.0, 1.0]
[19930904, 19940617.0, 1.0, 1.0]
[19930903, 19940616.0, 1.0, 1.0]
[19930902, 19940615.0, 1.0, 1.0]
[19930832, 19940614.0, 1.0, 1.0]
[19930830, 19940612.0, 1.0, 1.0]
[19930829, 19940611.0, 1.0, 1.0]
[19930828, 19940609.0, 1.0, 1.0]
[19930827, 19940608.0, 1.0, 1.0]
[19930825, 19940607.0, 1.0, 1.0]
[19930824, 19940606.0, 1.0, 1.0]
[19930823, 19940604.0, 1.0, 1.0]
[19930822, 19940603.0, 1.0, 1.0]
[19930821, 19940602.0, 1.0, 1.0]
[19930820, 19940601.0, 1.0, 1.0]
[19930819, 19940530.0, 1.0, 1.0]
[19930818, 19940529.0, 1.0, 1.0]
[19930817, 19940528.0, 1.0, 1.0]
[19930816, 19940527.0, 1.0, 1.0]
[19930815, 19940526.0, 1.0, 1.0]
[19930814, 19940525.0, 1.0, 1.0]
[19930813, 19940524.0, 1.0, 1.0]
[19930811, 19940523.0, 1.0, 1.0]
[19930810, 19940522.0, 1.0, 1.0]
[19930809, 19940521.0, 1.0, 1.0]
[19930808, 19940520.0, 1.0, 1.0]
[19930807, 19940519.0, 1.0, 1.0]
[19930805, 19940518.0, 1.0, 1.0]
[19930804, 19940517.0, 1.0, 1.0]
[19930803, 19940516.0, 1.0, 1.0]
[19930802, 19940515.0, 1.0, 1.0]
[19930732, 19940514.0, 1.0, 1.0]
[19930731, 19940512.0, 1.0, 1.0]
[19930730, 19940511.0, 1.0, 1.0]
[19930729, 19940510.0, 1.0, 1.0]
[19930728, 19940509.0, 1.0, 1.0]
[19930727, 19940508.0, 1.0, 1.0]
[19930726, 19940507.0, 1.0, 1.0]
[19930725, 19940506.0, 1.0, 1.0]
[19930724, 19940505.0, 1.0, 1.0]
[19930723, 19940504.0, 1.0, 1.0]
[19930722, 19940503.0, 1.0, 1.0]
[19930721, 19940502.0, 1.0, 1.0]
[19930720, 19940501.0, 1.0, 1.0]
[19930718, 19940429.0, 1.0, 1.0]
[19930717, 19940428.0, 1.0, 1.0]
[19930716, 19940427.0, 1.0, 1.0]
[19930715, 19940426.0, 1.0, 1.0]
[19930714, 19940425.0, 1.0, 1.0]
[19930713, 19940423.0, 1.0, 1.0]
[19930712, 19940422.0, 1.0, 1.0]
[19930711, 19940421.0, 1.0, 1.0]
[19930710, 19940420.0, 1.0, 1.0]
[19930709, 19940419.0, 1.0, 1.0]
[19930708, 19940418.0, 1.0, 1.0]
[19930707, 19940417.0, 1.0, 1.0]
[19930706, 19940416.0, 1.0, 1.0]
[19930705, 19940415.0, 1.0, 1.0]
[19930704, 19940414.0, 1.0, 1.0]
[19930703, 19940413.0, 1.0, 1.0]
[19930702, 19940412.0, 1.0, 1.0]
[19930631, 19940411.0, 1.0, 1.0]
[19930630, 19940410.0, 1.0, 1.0]
[19930629, 19940409.0, 1.0, 1.0]
[19930628, 19940408.0, 1.0, 1.0]
[19930627, 19940407.0, 1.0, 1.0]
[19930625, 19940406.0, 1.0, 1.0]
[19930624, 19940404.0, 1.0, 1.0]
[19930623, 19940403.0, 1.0, 1.0]
[19930622, 19940402.0, 1.0, 1.0]
[19930621, 19940401.0, 1.0, 1.0]
[19930619, 19940330.0, 1.0, 1.0]
[19930618, 19940329.0, 1.0, 1.0]
[19930617, 19940328.0, 1.0, 1.0]
[19930616, 19940327.0, 1.0, 1.0]
[19930614, 19940326.0, 1.0, 1.0]
[19930613, 19940325.0, 1.0, 1.0]
[19930612, 19940324.0, 1.0, 1.0]
[19930611, 19940323.0, 1.0, 1.0]
[19930610, 19940322.0, 1.0, 1.0]
[19930609, 19940321.0, 1.0, 1.0]
[19930608, 19940320.0, 1.0, 1.0]
[19930607, 19940319.0, 1.0, 1.0]
[19930606, 19940318.0, 1.0, 1.0]
[19930605, 19940317.0, 1.0, 1.0]
[19930604, 19940316.0, 1.0, 1.0]
[19930603, 19940315.0, 1.0, 1.0]
[19930602, 19940314.0, 1.0, 1.0]
[19930601, 19940313.0, 1.0, 1.0]
[19931027.0, 19940809.0, 1.0, 1.0]
[19931028.0, 19940810.0, 1.0, 1.0]
[19931029.0, 19940811.0, 1.0, 1.0]
[19931030.0, 19940812.0, 1.0, 1.0]
[19931031.0, 19940813.0, 1.0, 1.0]
[19931032.0, 19940814.0, 1.0, 1.0]
[19931102.0, 19940815.0, 1.0, 1.0]
[19931103.0, 19940816.0, 1.0, 1.0]
[19931104.0, 19940817.0, 1.0, 1.0]
[19931105.0, 19940818.0, 1.0, 1.0]
[19931107.0, 19940819.0, 1.0, 1.0]
[19931108.0, 19940820.0, 1.0, 1.0]
[19931109.0, 19940822.0, 1.0, 1.0]
[19931110.0, 19940823.0, 1.0, 1.0]
[19931111.0, 19940824.0, 1.0, 1.0]
[19931112.0, 19940825.0, 1.0, 1.0]
[19931113.0, 19940826.0, 1.0, 1.0]
[19931114.0, 19940827.0, 1.0, 1.0]
[19931116.0, 19940828.0, 1.0, 1.0]
[19931117.0, 19940829.0, 1.0, 1.0]
[19931118.0, 19940830.0, 1.0, 1.0]
[19931119.0, 19940901.0, 1.0, 1.0]
[19931121.0, 19940903.0, 1.0, 1.0]
[19931122.0, 19940904.0, 1.0, 1.0]
[19931123.0, 19940905.0, 1.0, 1.0]
[19931124.0, 19940906.0, 1.0, 1.0]
[19931125.0, 19940907.0, 1.0, 1.0]
[19931126.0, 19940908.0, 1.0, 1.0]
[19931127.0, 19940909.0, 1.0, 1.0]
[19931128.0, 19940910.0, 1.0, 1.0]
[19931129.0, 19940911.0, 1.0, 1.0]
[19931130.0, 19940912.0, 1.0, 1.0]
[19931131.0, 19940913.0, 1.0, 1.0]
[19931203.0, 19940915.0, 1.0, 1.0]
[19931204.0, 19940916.0, 1.0, 1.0]
[19931205.0, 19940917.0, 1.0, 1.0]
[19931206.0, 19940918.0, 1.0, 1.0]
[19931207.0, 19940919.0, 1.0, 1.0]
[19931208.0, 19940920.0, 1.0, 1.0]
[19931209.0, 19940921.0, 1.0, 1.0]
[19931210.0, 19940922.0, 1.0, 1.0]
[19931211.0, 19940924.0, 1.0, 1.0]
[19931212.0, 19940925.0, 1.0, 1.0]
[19931213.0, 19940926.0, 1.0, 1.0]
[19931215.0, 19940927.0, 1.0, 1.0]
[19931216.0, 19940929.0, 1.0, 1.0]
[19931218.0, 19941001.0, 1.0, 1.0]
[19931219.0, 19941002.0, 1.0, 1.0]
[19931220.0, 19941003.0, 1.0, 1.0]
[19931221.0, 19941004.0, 1.0, 1.0]
[19931222.0, 19941005.0, 1.0, 1.0]
[19931223.0, 19941006.0, 1.0, 1.0]
[19931224.0, 19941007.0, 1.0, 1.0]
[19931225.0, 19941008.0, 1.0, 1.0]
[19931226.0, 19941009.0, 1.0, 1.0]
[19931227.0, 19941010.0, 1.0, 1.0]
[19931228.0, 19941012.0, 1.0, 1.0]
[19931229.0, 19941013.0, 1.0, 1.0]
[19931230.0, 19941014.0, 1.0, 1.0]
[19931231.0, 19941015.0, 1.0, 1.0]
[19940102.0, 19941016.0, 1.0, 1.0]
[19940103.0, 19941017.0, 1.0, 1.0]
[19940104.0, 19941018.0, 1.0, 1.0]
[19940105.0, 19941019.0, 1.0, 1.0]
[19940106.0, 19941020.0, 1.0, 1.0]
[19940107.0, 19941021.0, 1.0, 1.0]
[19940108.0, 19941022.0, 1.0, 1.0]
[19940109.0, 19941023.0, 1.0, 1.0]
[19940110.0, 19941025.0, 1.0, 1.0]
[19940111.0, 19941026.0, 1.0, 1.0]
[19940112.0, 19941027.0, 1.0, 1.0]
[19940113.0, 19941028.0, 1.0, 1.0]
[19940114.0, 19941029.0, 1.0, 1.0]
[19940115.0, 19941030.0, 1.0, 1.0]
[19940117.0, 19941101.0, 1.0, 1.0]
[19940119.0, 19941102.0, 1.0, 1.0]
[19940120.0, 19941104.0, 1.0, 1.0]
[19940121.0, 19941105.0, 1.0, 1.0]
[19940123.0, 19941106.0, 1.0, 1.0]
[19940124.0, 19941107.0, 1.0, 1.0]
[19940125.0, 19941108.0, 1.0, 1.0]
[19940126.0, 19941109.0, 1.0, 1.0]
[19940127.0, 19941110.0, 1.0, 1.0]
[19940128.0, 19941111.0, 1.0, 1.0]
[19940130.0, 19941112.0, 1.0, 1.0]
[19940131.0, 19941113.0, 1.0, 1.0]
[19940132.0, 19941115.0, 1.0, 1.0]
[19940202.0, 19941116.0, 1.0, 1.0]
[19940203.0, 19941117.0, 1.0, 1.0]
[19940204.0, 19941118.0, 1.0, 1.0]
[19940205.0, 19941119.0, 1.0, 1.0]
[19940206.0, 19941120.0, 1.0, 1.0]
[19940207.0, 19941121.0, 1.0, 1.0]
[19940208.0, 19941122.0, 1.0, 1.0]
[19940209.0, 19941124.0, 1.0, 1.0]
[19940210.0, 19941125.0, 1.0, 1.0]
[19940211.0, 19941126.0, 1.0, 1.0]
[19940212.0, 19941127.0, 1.0, 1.0]
[19940213.0, 19941128.0, 1.0, 1.0]
[19940215.0, 19941129.0, 1.0, 1.0]
[19940217.0, 19941201.0, 1.0, 1.0]
[19940218.0, 19941202.0, 1.0, 1.0]
[19940219.0, 19941203.0, 1.0, 1.0]
[19940220.0, 19941204.0, 1.0, 1.0]
[19940221.0, 19941205.0, 1.0, 1.0]
[19940222.0, 19941206.0, 1.0, 1.0]
[19940223.0, 19941207.0, 1.0, 1.0]
[19940224.0, 19941209.0, 1.0, 1.0]
[19940226.0, 19941210.0, 1.0, 1.0]
[19940227.0, 19941212.0, 1.0, 1.0]
[19940229.0, 19941214.0, 1.0, 1.0]
[19940303.0, 19941215.0, 1.0, 1.0]
[19940304.0, 19941216.0, 1.0, 1.0]
[19940305.0, 19941217.0, 1.0, 1.0]
[19940306.0, 19941218.0, 1.0, 1.0]
[19940307.0, 19941219.0, 1.0, 1.0]
[19940308.0, 19941220.0, 1.0, 1.0]
[19940309.0, 19941221.0, 1.0, 1.0]
[19940311.0, 19941222.0, 1.0, 1.0]
[19940312.0, 19941223.0, 1.0, 1.0]
[19940313.0, 19941224.0, 1.0, 1.0]
[19940314.0, 19941225.0, 1.0, 1.0]
[19940315.0, 19941226.0, 1.0, 1.0]
[19940317.0, 19941227.0, 1.0, 1.0]
[19940318.0, 19941229.0, 1.0, 1.0]
[19940320.0, 19941230.0, 1.0, 1.0]
[19940322.0, 19950101.0, 1.0, 1.0]
[19931026.0, 19940808.0, 1.0, 1.0]

3

[19930801, 19950101.0, 1.0, 0.0]
[19930801, 19950101.0, 0.0, 1.0]
[19931125, 19940907.0, 1.0, 1.0]
[19931124, 19940906.0, 1.0, 1.0]
[19931123, 19940905.0, 1.0, 1.0]
[19931122, 19940904.0, 1.0, 1.0]
[19931121, 19940903.0, 1.0, 1.0]
[19931119, 19940901.0, 1.0, 1.0]
[19931118, 19940830.0, 1.0, 1.0]
[19931117, 19940829.0, 1.0, 1.0]
[19931116, 19940828.0, 1.0, 1.0]
[19931114, 19940827.0, 1.0, 1.0]
[19931113, 19940826.0, 1.0, 1.0]
[19931112, 19940825.0, 1.0, 1.0]
[19931111, 19940824.0, 1.0, 1.0]
[19931110, 19940823.0, 1.0, 1.0]
[19931109, 19940822.0, 1.0, 1.0]
[19931108, 19940820.0, 1.0, 1.0]
[19931107, 19940819.0, 1.0, 1.0]
[19931105, 19940818.0, 1.0, 1.0]
[19931104, 19940817.0, 1.0, 1.0]
[19931103, 19940816.0, 1.0, 1.0]
[19931102, 19940815.0, 1.0, 1.0]
[19931032, 19940814.0, 1.0, 1.0]
[19931031, 19940813.0, 1.0, 1.0]
[19931030, 19940812.0, 1.0, 1.0]
[19931029, 19940811.0, 1.0, 1.0]
[19931028, 19940810.0, 1.0, 1.0]
[19931027, 19940809.0, 1.0, 1.0]
[19931026, 19940808.0, 1.0, 1.0]
[19931025, 19940807.0, 1.0, 1.0]
[19931024, 19940806.0, 1.0, 1.0]
[19931023, 19940804.0, 1.0, 1.0]
[19931022, 19940803.0, 1.0, 1.0]
[19931021, 19940802.0, 1.0, 1.0]
[19931020, 19940801.0, 1.0, 1.0]
[19931017, 19940730.0, 1.0, 1.0]
[19931016, 19940729.0, 1.0, 1.0]
[19931015, 19940728.0, 1.0, 1.0]
[19931014, 19940727.0, 1.0, 1.0]
[19931013, 19940726.0, 1.0, 1.0]
[19931012, 19940725.0, 1.0, 1.0]
[19931011, 19940724.0, 1.0, 1.0]
[19931010, 19940723.0, 1.0, 1.0]
[19931009, 19940722.0, 1.0, 1.0]
[19931008, 19940721.0, 1.0, 1.0]
[19931007, 19940720.0, 1.0, 1.0]
[19931006, 19940719.0, 1.0, 1.0]
[19931004, 19940718.0, 1.0, 1.0]
[19931003, 19940716.0, 1.0, 1.0]
[19930931, 19940715.0, 1.0, 1.0]
[19930930, 19940714.0, 1.0, 1.0]
[19930929, 19940713.0, 1.0, 1.0]
[19930928, 19940712.0, 1.0, 1.0]
[19930927, 19940711.0, 1.0, 1.0]
[19930926, 19940710.0, 1.0, 1.0]
[19930925, 19940709.0, 1.0, 1.0]
[19930924, 19940708.0, 1.0, 1.0]
[19930923, 19940707.0, 1.0, 1.0]
[19930922, 19940706.0, 1.0, 1.0]
[19930921, 19940705.0, 1.0, 1.0]
[19930920, 19940704.0, 1.0, 1.0]
[19930919, 19940702.0, 1.0, 1.0]
[19930917, 19940701.0, 1.0, 1.0]
[19930915, 19940629.0, 1.0, 1.0]
[19930914, 19940628.0, 1.0, 1.0]
[19930913, 19940627.0, 1.0, 1.0]
[19930912, 19940625.0, 1.0, 1.0]
[19930910, 19940624.0, 1.0, 1.0]
[19930909, 19940623.0, 1.0, 1.0]
[19930908, 19940621.0, 1.0, 1.0]
[19930907, 19940620.0, 1.0, 1.0]
[19930906, 19940619.0, 1.0, 1.0]
[19930905, 19940618.0, 1.0, 1.0]
[19930904, 19940617.0, 1.0, 1.0]
[19930903, 19940616.0, 1.0, 1.0]
[19930902, 19940615.0, 1.0, 1.0]
[19930832, 19940614.0, 1.0, 1.0]
[19930830, 19940612.0, 1.0, 1.0]
[19930829, 19940611.0, 1.0, 1.0]
[19930828, 19940609.0, 1.0, 1.0]
[19930827, 19940608.0, 1.0, 1.0]
[19930825, 19940607.0, 1.0, 1.0]
[19930824, 19940606.0, 1.0, 1.0]
[19930823, 19940604.0, 1.0, 1.0]
[19930822, 19940603.0, 1.0, 1.0]
[19930821, 19940602.0, 1.0, 1.0]
[19930820, 19940601.0, 1.0, 1.0]
[19930819, 19940530.0, 1.0, 1.0]
[19930818, 19940529.0, 1.0, 1.0]
[19930817, 19940528.0, 1.0, 1.0]
[19930816, 19940527.0, 1.0, 1.0]
[19930815, 19940526.0, 1.0, 1.0]
[19930814, 19940525.0, 1.0, 1.0]
[19930813, 19940524.0, 1.0, 1.0]
[19930811, 19940523.0, 1.0, 1.0]
[19930810, 19940522.0, 1.0, 1.0]
[19930809, 19940521.0, 1.0, 1.0]
[19930808, 19940520.0, 1.0, 1.0]
[19930807, 19940519.0, 1.0, 1.0]
[19930805, 19940518.0, 1.0, 1.0]
[19930804, 19940517.0, 1.0, 1.0]
[19930803, 19940516.0, 1.0, 1.0]
[19930802, 19940515.0, 1.0, 1.0]
[19930801, 19940514.0, 1.0, 1.0]
[19931127.0, 19940909.0, 1.0, 1.0]
[19931128.0, 19940910.0, 1.0, 1.0]
[19931129.0, 19940911.0, 1.0, 1.0]
[19931130.0, 19940912.0, 1.0, 1.0]
[19931131.0, 19940913.0, 1.0, 1.0]
[19931203.0, 19940915.0, 1.0, 1.0]
[19931204.0, 19940916.0, 1.0, 1.0]
[19931205.0, 19940917.0, 1.0, 1.0]
[19931206.0, 19940918.0, 1.0, 1.0]
[19931207.0, 19940919.0, 1.0, 1.0]
[19931208.0, 19940920.0, 1.0, 1.0]
[19931209.0, 19940921.0, 1.0, 1.0]
[19931210.0, 19940922.0, 1.0, 1.0]
[19931211.0, 19940924.0, 1.0, 1.0]
[19931212.0, 19940925.0, 1.0, 1.0]
[19931213.0, 19940926.0, 1.0, 1.0]
[19931215.0, 19940927.0, 1.0, 1.0]
[19931216.0, 19940929.0, 1.0, 1.0]
[19931218.0, 19941001.0, 1.0, 1.0]
[19931219.0, 19941002.0, 1.0, 1.0]
[19931220.0, 19941003.0, 1.0, 1.0]
[19931221.0, 19941004.0, 1.0, 1.0]
[19931222.0, 19941005.0, 1.0, 1.0]
[19931223.0, 19941006.0, 1.0, 1.0]
[19931224.0, 19941007.0, 1.0, 1.0]
[19931225.0, 19941008.0, 1.0, 1.0]
[19931226.0, 19941009.0, 1.0, 1.0]
[19931227.0, 19941010.0, 1.0, 1.0]
[19931228.0, 19941012.0, 1.0, 1.0]
[19931229.0, 19941013.0, 1.0, 1.0]
[19931230.0, 19941014.0, 1.0, 1.0]
[19931231.0, 19941015.0, 1.0, 1.0]
[19940102.0, 19941016.0, 1.0, 1.0]
[19940103.0, 19941017.0, 1.0, 1.0]
[19940104.0, 19941018.0, 1.0, 1.0]
[19940105.0, 19941019.0, 1.0, 1.0]
[19940106.0, 19941020.0, 1.0, 1.0]
[19940107.0, 19941021.0, 1.0, 1.0]
[19940108.0, 19941022.0, 1.0, 1.0]
[19940109.0, 19941023.0, 1.0, 1.0]
[19940110.0, 19941025.0, 1.0, 1.0]
[19940111.0, 19941026.0, 1.0, 1.0]
[19940112.0, 19941027.0, 1.0, 1.0]
[19940113.0, 19941028.0, 1.0, 1.0]
[19940114.0, 19941029.0, 1.0, 1.0]
[19940115.0, 19941030.0, 1.0, 1.0]
[19940117.0, 19941101.0, 1.0, 1.0]
[19940119.0, 19941102.0, 1.0, 1.0]
[19940120.0, 19941104.0, 1.0, 1.0]
[19940121.0, 19941105.0, 1.0, 1.0]
[19940123.0, 19941106.0, 1.0, 1.0]
[19940124.0, 19941107.0, 1.0, 1.0]
[19940125.0, 19941108.0, 1.0, 1.0]
[19940126.0, 19941109.0, 1.0, 1.0]
[19940127.0, 19941110.0, 1.0, 1.0]
[19940128.0, 19941111.0, 1.0, 1.0]
[19940130.0, 19941112.0, 1.0, 1.0]
[19940131.0, 19941113.0, 1.0, 1.0]
[19940132.0, 19941115.0, 1.0, 1.0]
[19940202.0, 19941116.0, 1.0, 1.0]
[19940203.0, 19941117.0, 1.0, 1.0]
[19940204.0, 19941118.0, 1.0, 1.0]
[19940205.0, 19941119.0, 1.0, 1.0]
[19940206.0, 19941120.0, 1.0, 1.0]
[19940207.0, 19941121.0, 1.0, 1.0]
[19940208.0, 19941122.0, 1.0, 1.0]
[19940209.0, 19941124.0, 1.0, 1.0]
[19940210.0, 19941125.0, 1.0, 1.0]
[19940211.0, 19941126.0, 1.0, 1.0]
[19940212.0, 19941127.0, 1.0, 1.0]
[19940213.0, 19941128.0, 1.0, 1.0]
[19940215.0, 19941129.0, 1.0, 1.0]
[19940217.0, 19941201.0, 1.0, 1.0]
[19940218.0, 19941202.0, 1.0, 1.0]
[19940219.0, 19941203.0, 1.0, 1.0]
[19940220.0, 19941204.0, 1.0, 1.0]
[19940221.0, 19941205.0, 1.0, 1.0]
[19940222.0, 19941206.0, 1.0, 1.0]
[19940223.0, 19941207.0, 1.0, 1.0]
[19940224.0, 19941209.0, 1.0, 1.0]
[19940226.0, 19941210.0, 1.0, 1.0]
[19940227.0, 19941212.0, 1.0, 1.0]
[19940229.0, 19941214.0, 1.0, 1.0]
[19940303.0, 19941215.0, 1.0, 1.0]
[19940304.0, 19941216.0, 1.0, 1.0]
[19940305.0, 19941217.0, 1.0, 1.0]
[19940306.0, 19941218.0, 1.0, 1.0]
[19940307.0, 19941219.0, 1.0, 1.0]
[19940308.0, 19941220.0, 1.0, 1.0]
[19940309.0, 19941221.0, 1.0, 1.0]
[19940311.0, 19941222.0, 1.0, 1.0]
[19940312.0, 19941223.0, 1.0, 1.0]
[19940313.0, 19941224.0, 1.0, 1.0]
[19940314.0, 19941225.0, 1.0, 1.0]
[19940315.0, 19941226.0, 1.0, 1.0]
[19940317.0, 19941227.0, 1.0, 1.0]
[19940318.0, 19941229.0, 1.0, 1.0]
[19940320.0, 19941230.0, 1.0, 1.0]
[19940322.0, 19950101.0, 1.0, 1.0]
[19931126.0, 19940908.0, 1.0, 1.0]

4

[19931001, 19950101.0, 1.0, 0.0]
[19931001, 19950101.0, 0.0, 1.0]
[19931225, 19941008.0, 1.0, 1.0]
[19931224, 19941007.0, 1.0, 1.0]
[19931223, 19941006.0, 1.0, 1.0]
[19931222, 19941005.0, 1.0, 1.0]
[19931221, 19941004.0, 1.0, 1.0]
[19931220, 19941003.0, 1.0, 1.0]
[19931219, 19941002.0, 1.0, 1.0]
[19931218, 19941001.0, 1.0, 1.0]
[19931216, 19940929.0, 1.0, 1.0]
[19931215, 19940927.0, 1.0, 1.0]
[19931213, 19940926.0, 1.0, 1.0]
[19931212, 19940925.0, 1.0, 1.0]
[19931211, 19940924.0, 1.0, 1.0]
[19931210, 19940922.0, 1.0, 1.0]
[19931209, 19940921.0, 1.0, 1.0]
[19931208, 19940920.0, 1.0, 1.0]
[19931207, 19940919.0, 1.0, 1.0]
[19931206, 19940918.0, 1.0, 1.0]
[19931205, 19940917.0, 1.0, 1.0]
[19931204, 19940916.0, 1.0, 1.0]
[19931203, 19940915.0, 1.0, 1.0]
[19931131, 19940913.0, 1.0, 1.0]
[19931130, 19940912.0, 1.0, 1.0]
[19931129, 19940911.0, 1.0, 1.0]
[19931128, 19940910.0, 1.0, 1.0]
[19931127, 19940909.0, 1.0, 1.0]
[19931126, 19940908.0, 1.0, 1.0]
[19931125, 19940907.0, 1.0, 1.0]
[19931124, 19940906.0, 1.0, 1.0]
[19931123, 19940905.0, 1.0, 1.0]
[19931122, 19940904.0, 1.0, 1.0]
[19931121, 19940903.0, 1.0, 1.0]
[19931119, 19940901.0, 1.0, 1.0]
[19931118, 19940830.0, 1.0, 1.0]
[19931117, 19940829.0, 1.0, 1.0]
[19931116, 19940828.0, 1.0, 1.0]
[19931114, 19940827.0, 1.0, 1.0]
[19931113, 19940826.0, 1.0, 1.0]
[19931112, 19940825.0, 1.0, 1.0]
[19931111, 19940824.0, 1.0, 1.0]
[19931110, 19940823.0, 1.0, 1.0]
[19931109, 19940822.0, 1.0, 1.0]
[19931108, 19940820.0, 1.0, 1.0]
[19931107, 19940819.0, 1.0, 1.0]
[19931105, 19940818.0, 1.0, 1.0]
[19931104, 19940817.0, 1.0, 1.0]
[19931103, 19940816.0, 1.0, 1.0]
[19931102, 19940815.0, 1.0, 1.0]
[19931032, 19940814.0, 1.0, 1.0]
[19931031, 19940813.0, 1.0, 1.0]
[19931030, 19940812.0, 1.0, 1.0]
[19931029, 19940811.0, 1.0, 1.0]
[19931028, 19940810.0, 1.0, 1.0]
[19931027, 19940809.0, 1.0, 1.0]
[19931026, 19940808.0, 1.0, 1.0]
[19931025, 19940807.0, 1.0, 1.0]
[19931024, 19940806.0, 1.0, 1.0]
[19931023, 19940804.0, 1.0, 1.0]
[19931022, 19940803.0, 1.0, 1.0]
[19931021, 19940802.0, 1.0, 1.0]
[19931020, 19940801.0, 1.0, 1.0]
[19931017, 19940730.0, 1.0, 1.0]
[19931016, 19940729.0, 1.0, 1.0]
[19931015, 19940728.0, 1.0, 1.0]
[19931014, 19940727.0, 1.0, 1.0]
[19931013, 19940726.0, 1.0, 1.0]
[19931012, 19940725.0, 1.0, 1.0]
[19931011, 19940724.0, 1.0, 1.0]
[19931010, 19940723.0, 1.0, 1.0]
[19931009, 19940722.0, 1.0, 1.0]
[19931008, 19940721.0, 1.0, 1.0]
[19931007, 19940720.0, 1.0, 1.0]
[19931006, 19940719.0, 1.0, 1.0]
[19931004, 19940718.0, 1.0, 1.0]
[19931003, 19940716.0, 1.0, 1.0]
[19931001, 19940715.0, 1.0, 1.0]
[19931227.0, 19941010.0, 1.0, 1.0]
[19931228.0, 19941012.0, 1.0, 1.0]
[19931229.0, 19941013.0, 1.0, 1.0]
[19931230.0, 19941014.0, 1.0, 1.0]
[19931231.0, 19941015.0, 1.0, 1.0]
[19940102.0, 19941016.0, 1.0, 1.0]
[19940103.0, 19941017.0, 1.0, 1.0]
[19940104.0, 19941018.0, 1.0, 1.0]
[19940105.0, 19941019.0, 1.0, 1.0]
[19940106.0, 19941020.0, 1.0, 1.0]
[19940107.0, 19941021.0, 1.0, 1.0]
[19940108.0, 19941022.0, 1.0, 1.0]
[19940109.0, 19941023.0, 1.0, 1.0]
[19940110.0, 19941025.0, 1.0, 1.0]
[19940111.0, 19941026.0, 1.0, 1.0]
[19940112.0, 19941027.0, 1.0, 1.0]
[19940113.0, 19941028.0, 1.0, 1.0]
[19940114.0, 19941029.0, 1.0, 1.0]
[19940115.0, 19941030.0, 1.0, 1.0]
[19940117.0, 19941101.0, 1.0, 1.0]
[19940119.0, 19941102.0, 1.0, 1.0]
[19940120.0, 19941104.0, 1.0, 1.0]
[19940121.0, 19941105.0, 1.0, 1.0]
[19940123.0, 19941106.0, 1.0, 1.0]
[19940124.0, 19941107.0, 1.0, 1.0]
[19940125.0, 19941108.0, 1.0, 1.0]
[19940126.0, 19941109.0, 1.0, 1.0]
[19940127.0, 19941110.0, 1.0, 1.0]
[19940128.0, 19941111.0, 1.0, 1.0]
[19940130.0, 19941112.0, 1.0, 1.0]
[19940131.0, 19941113.0, 1.0, 1.0]
[19940132.0, 19941115.0, 1.0, 1.0]
[19940202.0, 19941116.0, 1.0, 1.0]
[19940203.0, 19941117.0, 1.0, 1.0]
[19940204.0, 19941118.0, 1.0, 1.0]
[19940205.0, 19941119.0, 1.0, 1.0]
[19940206.0, 19941120.0, 1.0, 1.0]
[19940207.0, 19941121.0, 1.0, 1.0]
[19940208.0, 19941122.0, 1.0, 1.0]
[19940209.0, 19941124.0, 1.0, 1.0]
[19940210.0, 19941125.0, 1.0, 1.0]
[19940211.0, 19941126.0, 1.0, 1.0]
[19940212.0, 19941127.0, 1.0, 1.0]
[19940213.0, 19941128.0, 1.0, 1.0]
[19940215.0, 19941129.0, 1.0, 1.0]
[19940217.0, 19941201.0, 1.0, 1.0]
[19940218.0, 19941202.0, 1.0, 1.0]
[19940219.0, 19941203.0, 1.0, 1.0]
[19940220.0, 19941204.0, 1.0, 1.0]
[19940221.0, 19941205.0, 1.0, 1.0]
[19940222.0, 19941206.0, 1.0, 1.0]
[19940223.0, 19941207.0, 1.0, 1.0]
[19940224.0, 19941209.0, 1.0, 1.0]
[19940226.0, 19941210.0, 1.0, 1.0]
[19940227.0, 19941212.0, 1.0, 1.0]
[19940229.0, 19941214.0, 1.0, 1.0]
[19940303.0, 19941215.0, 1.0, 1.0]
[19940304.0, 19941216.0, 1.0, 1.0]
[19940305.0, 19941217.0, 1.0, 1.0]
[19940306.0, 19941218.0, 1.0, 1.0]
[19940307.0, 19941219.0, 1.0, 1.0]
[19940308.0, 19941220.0, 1.0, 1.0]
[19940309.0, 19941221.0, 1.0, 1.0]
[19940311.0, 19941222.0, 1.0, 1.0]
[19940312.0, 19941223.0, 1.0, 1.0]
[19940313.0, 19941224.0, 1.0, 1.0]
[19940314.0, 19941225.0, 1.0, 1.0]
[19940315.0, 19941226.0, 1.0, 1.0]
[19940317.0, 19941227.0, 1.0, 1.0]
[19940318.0, 19941229.0, 1.0, 1.0]
[19940320.0, 19941230.0, 1.0, 1.0]
[19940322.0, 19950101.0, 1.0, 1.0]
[19931226.0, 19941009.0, 1.0, 1.0]

5

[19931201, 19950101.0, 1.0, 0.0]
[19931201, 19950101.0, 0.0, 1.0]
[19940124, 19941107.0, 1.0, 1.0]
[19940123, 19941106.0, 1.0, 1.0]
[19940121, 19941105.0, 1.0, 1.0]
[19940120, 19941104.0, 1.0, 1.0]
[19940119, 19941102.0, 1.0, 1.0]
[19940117, 19941101.0, 1.0, 1.0]
[19940115, 19941030.0, 1.0, 1.0]
[19940114, 19941029.0, 1.0, 1.0]
[19940113, 19941028.0, 1.0, 1.0]
[19940112, 19941027.0, 1.0, 1.0]
[19940111, 19941026.0, 1.0, 1.0]
[19940110, 19941025.0, 1.0, 1.0]
[19940109, 19941023.0, 1.0, 1.0]
[19940108, 19941022.0, 1.0, 1.0]
[19940107, 19941021.0, 1.0, 1.0]
[19940106, 19941020.0, 1.0, 1.0]
[19940105, 19941019.0, 1.0, 1.0]
[19940104, 19941018.0, 1.0, 1.0]
[19940103, 19941017.0, 1.0, 1.0]
[19940102, 19941016.0, 1.0, 1.0]
[19931231, 19941015.0, 1.0, 1.0]
[19931230, 19941014.0, 1.0, 1.0]
[19931229, 19941013.0, 1.0, 1.0]
[19931228, 19941012.0, 1.0, 1.0]
[19931227, 19941010.0, 1.0, 1.0]
[19931226, 19941009.0, 1.0, 1.0]
[19931225, 19941008.0, 1.0, 1.0]
[19931224, 19941007.0, 1.0, 1.0]
[19931223, 19941006.0, 1.0, 1.0]
[19931222, 19941005.0, 1.0, 1.0]
[19931221, 19941004.0, 1.0, 1.0]
[19931220, 19941003.0, 1.0, 1.0]
[19931219, 19941002.0, 1.0, 1.0]
[19931218, 19941001.0, 1.0, 1.0]
[19931216, 19940929.0, 1.0, 1.0]
[19931215, 19940927.0, 1.0, 1.0]
[19931213, 19940926.0, 1.0, 1.0]
[19931212, 19940925.0, 1.0, 1.0]
[19931211, 19940924.0, 1.0, 1.0]
[19931210, 19940922.0, 1.0, 1.0]
[19931209, 19940921.0, 1.0, 1.0]
[19931208, 19940920.0, 1.0, 1.0]
[19931207, 19940919.0, 1.0, 1.0]
[19931206, 19940918.0, 1.0, 1.0]
[19931205, 19940917.0, 1.0, 1.0]
[19931204, 19940916.0, 1.0, 1.0]
[19931203, 19940915.0, 1.0, 1.0]
[19931201, 19940913.0, 1.0, 1.0]
[19940126.0, 19941109.0, 1.0, 1.0]
[19940127.0, 19941110.0, 1.0, 1.0]
[19940128.0, 19941111.0, 1.0, 1.0]
[19940130.0, 19941112.0, 1.0, 1.0]
[19940131.0, 19941113.0, 1.0, 1.0]
[19940132.0, 19941115.0, 1.0, 1.0]
[19940202.0, 19941116.0, 1.0, 1.0]
[19940203.0, 19941117.0, 1.0, 1.0]
[19940204.0, 19941118.0, 1.0, 1.0]
[19940205.0, 19941119.0, 1.0, 1.0]
[19940206.0, 19941120.0, 1.0, 1.0]
[19940207.0, 19941121.0, 1.0, 1.0]
[19940208.0, 19941122.0, 1.0, 1.0]
[19940209.0, 19941124.0, 1.0, 1.0]
[19940210.0, 19941125.0, 1.0, 1.0]
[19940211.0, 19941126.0, 1.0, 1.0]
[19940212.0, 19941127.0, 1.0, 1.0]
[19940213.0, 19941128.0, 1.0, 1.0]
[19940215.0, 19941129.0, 1.0, 1.0]
[19940217.0, 19941201.0, 1.0, 1.0]
[19940218.0, 19941202.0, 1.0, 1.0]
[19940219.0, 19941203.0, 1.0, 1.0]
[19940220.0, 19941204.0, 1.0, 1.0]
[19940221.0, 19941205.0, 1.0, 1.0]
[19940222.0, 19941206.0, 1.0, 1.0]
[19940223.0, 19941207.0, 1.0, 1.0]
[19940224.0, 19941209.0, 1.0, 1.0]
[19940226.0, 19941210.0, 1.0, 1.0]
[19940227.0, 19941212.0, 1.0, 1.0]
[19940229.0, 19941214.0, 1.0, 1.0]
[19940303.0, 19941215.0, 1.0, 1.0]
[19940304.0, 19941216.0, 1.0, 1.0]
[19940305.0, 19941217.0, 1.0, 1.0]
[19940306.0, 19941218.0, 1.0, 1.0]
[19940307.0, 19941219.0, 1.0, 1.0]
[19940308.0, 19941220.0, 1.0, 1.0]
[19940309.0, 19941221.0, 1.0, 1.0]
[19940311.0, 19941222.0, 1.0, 1.0]
[19940312.0, 19941223.0, 1.0, 1.0]
[19940313.0, 19941224.0, 1.0, 1.0]
[19940314.0, 19941225.0, 1.0, 1.0]
[19940315.0, 19941226.0, 1.0, 1.0]
[19940317.0, 19941227.0, 1.0, 1.0]
[19940318.0, 19941229.0, 1.0, 1.0]
[19940320.0, 19941230.0, 1.0, 1.0]
[19940322.0, 19950101.0, 1.0, 1.0]
[19940125.0, 19941108.0, 1.0, 1.0]

6

[19940201, 19950101.0, 1.0, 0.0]
[19940201, 19950101.0, 0.0, 1.0]
[19940224, 19941209.0, 1.0, 1.0]
[19940223, 19941207.0, 1.0, 1.0]
[19940222, 19941206.0, 1.0, 1.0]
[19940221, 19941205.0, 1.0, 1.0]
[19940220, 19941204.0, 1.0, 1.0]
[19940219, 19941203.0, 1.0, 1.0]
[19940218, 19941202.0, 1.0, 1.0]
[19940217, 19941201.0, 1.0, 1.0]
[19940215, 19941129.0, 1.0, 1.0]
[19940213, 19941128.0, 1.0, 1.0]
[19940212, 19941127.0, 1.0, 1.0]
[19940211, 19941126.0, 1.0, 1.0]
[19940210, 19941125.0, 1.0, 1.0]
[19940209, 19941124.0, 1.0, 1.0]
[19940208, 19941122.0, 1.0, 1.0]
[19940207, 19941121.0, 1.0, 1.0]
[19940206, 19941120.0, 1.0, 1.0]
[19940205, 19941119.0, 1.0, 1.0]
[19940204, 19941118.0, 1.0, 1.0]
[19940203, 19941117.0, 1.0, 1.0]
[19940202, 19941116.0, 1.0, 1.0]
[19940201, 19941115.0, 1.0, 1.0]
[19940227.0, 19941212.0, 1.0, 1.0]
[19940229.0, 19941214.0, 1.0, 1.0]
[19940303.0, 19941215.0, 1.0, 1.0]
[19940304.0, 19941216.0, 1.0, 1.0]
[19940305.0, 19941217.0, 1.0, 1.0]
[19940306.0, 19941218.0, 1.0, 1.0]
[19940307.0, 19941219.0, 1.0, 1.0]
[19940308.0, 19941220.0, 1.0, 1.0]
[19940309.0, 19941221.0, 1.0, 1.0]
[19940311.0, 19941222.0, 1.0, 1.0]
[19940312.0, 19941223.0, 1.0, 1.0]
[19940313.0, 19941224.0, 1.0, 1.0]
[19940314.0, 19941225.0, 1.0, 1.0]
[19940315.0, 19941226.0, 1.0, 1.0]
[19940317.0, 19941227.0, 1.0, 1.0]
[19940318.0, 19941229.0, 1.0, 1.0]
[19940320.0, 19941230.0, 1.0, 1.0]
[19940322.0, 19950101.0, 1.0, 1.0]
[19940226.0, 19941210.0, 1.0, 1.0]

7



8


