selection file, result

1

[300, 1.0, 1.0, 0.0]
[300, 1.0, 0.0, 1.0]
[301, 7.0, 1.0, 1.0]
[300, 8.0, 1.0, 1.0]
[309.0, 1.0, 1.0, 1.0]

2

[300, 2.0, 1.0, 0.0]
[300, 2.0, 0.0, 1.0]
[301, 7.0, 1.0, 1.0]
[300, 8.0, 1.0, 1.0]
[309.0, 2.0, 1.0, 1.0]

3

[300, 3.0, 1.0, 0.0]
[300, 3.0, 0.0, 1.0]
[301, 7.0, 1.0, 1.0]
[300, 8.0, 1.0, 1.0]
[309.0, 3.0, 1.0, 1.0]

4

[300, 4.0, 1.0, 0.0]
[300, 4.0, 0.0, 1.0]
[301, 7.0, 1.0, 1.0]
[300, 8.0, 1.0, 1.0]
[309.0, 4.0, 1.0, 1.0]

5

[300, 5.0, 1.0, 0.0]
[300, 5.0, 0.0, 1.0]
[301, 7.0, 1.0, 1.0]
[300, 8.0, 1.0, 1.0]
[309.0, 5.0, 1.0, 1.0]

6

[300, 6.0, 1.0, 0.0]
[300, 6.0, 0.0, 1.0]
[301, 7.0, 1.0, 1.0]
[300, 8.0, 1.0, 1.0]
[309.0, 6.0, 1.0, 1.0]

7

[300, 7.0, 1.0, 0.0]
[300, 7.0, 0.0, 1.0]
[300, 8.0, 1.0, 1.0]
[301, 7.0, 1.0, 1.0]

8


