selection file, result

1



2



3

[60, 2.0, 4.0]
[55, 3.0, 3.0]
[89.0, 3.0, 4.0]

4

[60, 2.0, 4.0]
[55, 3.0, 3.0]
[61, 4.0, 3.0]
[99.0, 4.0, 4.0]
[89.0, 3.0, 4.0]

5

[60, 2.0, 4.0]
[55, 3.0, 3.0]
[61, 4.0, 3.0]
[54, 5.0, 2.0]
[80.0, 5.0, 3.0]
[99.0, 4.0, 4.0]
[89.0, 3.0, 4.0]

6

[60, 2.0, 4.0]
[55, 3.0, 3.0]
[61, 4.0, 3.0]
[65, 7.0, 0.0]
[54, 5.0, 2.0]
[80.0, 5.0, 3.0]
[56, 6.0, 0.0]
[65, 6.0, 1.0]
[101, 6.0, 3.0]
[99.0, 4.0, 4.0]
[89.0, 3.0, 4.0]

7

[60, 2.0, 4.0]
[61, 4.0, 3.0]
[54, 5.0, 2.0]
[80.0, 5.0, 3.0]
[56, 6.0, 0.0]
[65, 6.0, 1.0]
[101, 6.0, 3.0]
[65, 7.0, 0.0]
[89, 7.0, 1.0]
[99.0, 4.0, 4.0]
[89.0, 3.0, 4.0]

8

[60, 2.0, 4.0]
[61, 4.0, 3.0]
[54, 5.0, 2.0]
[80.0, 5.0, 3.0]
[56, 6.0, 0.0]
[65, 6.0, 1.0]
[101, 6.0, 3.0]
[65, 7.0, 0.0]
[89, 7.0, 1.0]
[80, 8.0, 0.0]
[101, 8.0, 1.0]
[131, 8.0, 2.0]
[99.0, 4.0, 4.0]
[89.0, 3.0, 4.0]
