selection file, result

1

[300, 5.0, 0.0, 1.0]
[300, 9.0, 1.0, 1.0]
[304, 8.0, 1.0, 0.0]
[353, 8.0, 1.0, 1.0]
[353, 5.0, 1.0, 0.0]
[383, 5.0, 1.0, 1.0]
[351, 7.0, 1.0, 0.0]
[377, 7.0, 1.0, 1.0]

2

[300, 5.0, 0.0, 1.0]
[300, 8.0, 1.0, 0.0]
[327, 7.0, 1.0, 0.0]
[365, 7.0, 1.0, 1.0]
[335, 5.0, 1.0, 0.0]
[366, 5.0, 1.0, 1.0]
[300, 9.0, 1.0, 1.0]
[330, 8.0, 1.0, 1.0]

3

[300, 5.0, 0.0, 1.0]
[300, 8.0, 1.0, 0.0]
[304, 7.0, 1.0, 0.0]
[351, 7.0, 1.0, 1.0]
[315, 5.0, 1.0, 0.0]
[353, 5.0, 1.0, 1.0]
[300, 9.0, 1.0, 1.0]
[303, 8.0, 1.0, 1.0]

4

[300, 5.0, 1.0, 0.0]
[300, 5.0, 0.0, 1.0]
[300, 8.0, 1.0, 1.0]
[335, 7.0, 1.0, 1.0]
[341, 5.0, 1.0, 1.0]

5

[300, 5.0, 1.0, 0.0]
[300, 5.0, 0.0, 1.0]
[300, 8.0, 1.0, 1.0]
[323, 5.0, 1.0, 1.0]

6

[300, 5.0, 1.0, 0.0]
[300, 5.0, 0.0, 1.0]
[300, 8.0, 1.0, 1.0]
[304, 7.0, 1.0, 1.0]
[315, 5.0, 1.0, 1.0]
