selection file, result

1

[200, 3.0, 0.0, 1.0]
[200, 3.0, 1.0, 0.0]
[200, 2.0, 0.0, 0.0]
[195, 3.0, 0.0, 0.0]

2

[200, 3.0, 0.0, 1.0]
[200, 3.0, 1.0, 0.0]
[200, 2.0, 0.0, 0.0]
[189, 3.0, 0.0, 0.0]

3

[200, 3.0, 0.0, 1.0]
[200, 3.0, 1.0, 0.0]
[199, 2.0, 0.0, 0.0]
[200, 1.0, 0.0, 0.0]
[176.0, 3.0, 0.0, 0.0]

4

[200, 3.0, 0.0, 1.0]
[200, 2.0, 1.0, 0.0]
[199, 3.0, 1.0, 0.0]
[174, 3.0, 0.0, 0.0]
[200, 1.0, 0.0, 0.0]
[195, 2.0, 0.0, 0.0]

5

[200, 3.0, 1.0, 1.0]
[200, 2.0, 0.0, 1.0]
[195, 3.0, 0.0, 1.0]
[164, 3.0, 0.0, 0.0]
[200, 1.0, 0.0, 0.0]
[185, 2.0, 0.0, 0.0]
[200, 2.0, 1.0, 0.0]
[189, 3.0, 1.0, 0.0]

6

[200, 3.0, 1.0, 1.0]
[200, 2.0, 0.0, 1.0]
[189, 3.0, 0.0, 1.0]
[162, 3.0, 0.0, 0.0]
[199, 1.0, 0.0, 0.0]
[200, 0.0, 0.0, 0.0]
[184.0, 2.0, 0.0, 0.0]
[200, 2.0, 1.0, 0.0]
[185, 3.0, 1.0, 0.0]
