selection file, result

1

[150, 4.0, 8.0, 0.0, 1.0]
[150, 4.0, 8.0, 1.0, 0.0]
[150, 4.0, 9.0, 0.0, 0.0]
[150, 5.0, 8.0, 0.0, 0.0]
[135, 4.0, 8.0, 0.0, 0.0]

2

[150, 4.0, 8.0, 0.0, 1.0]
[150, 4.0, 8.0, 1.0, 0.0]
[150, 4.0, 9.0, 0.0, 0.0]
[148, 5.0, 8.0, 0.0, 0.0]
[129, 4.0, 8.0, 0.0, 0.0]

3

[150, 4.0, 8.0, 0.0, 1.0]
[150, 4.0, 8.0, 1.0, 0.0]
[150, 5.0, 9.0, 0.0, 0.0]
[150, 4.0, 10.0, 0.0, 0.0]
[136, 4.0, 9.0, 0.0, 0.0]
[122, 4.0, 8.0, 0.0, 0.0]
[135, 5.0, 8.0, 0.0, 0.0]

4

[150, 4.0, 8.0, 0.0, 1.0]
[150, 4.0, 8.0, 1.0, 0.0]
[150, 5.0, 9.0, 0.0, 0.0]
[136, 4.0, 10.0, 0.0, 0.0]
[131, 4.0, 9.0, 0.0, 0.0]
[99, 4.0, 8.0, 0.0, 0.0]
[124, 5.0, 8.0, 0.0, 0.0]

5

[150, 4.0, 8.0, 1.0, 1.0]
[150, 4.0, 9.0, 0.0, 1.0]
[150, 5.0, 8.0, 0.0, 1.0]
[148, 4.0, 8.0, 0.0, 1.0]
[83, 4.0, 8.0, 0.0, 0.0]
[113, 5.0, 8.0, 0.0, 0.0]
[150, 5.0, 10.0, 0.0, 0.0]
[132, 4.0, 10.0, 0.0, 0.0]
[123, 4.0, 9.0, 0.0, 0.0]
[136, 5.0, 9.0, 0.0, 0.0]
[150, 4.0, 9.0, 1.0, 0.0]
[150, 5.0, 8.0, 1.0, 0.0]
[148, 4.0, 8.0, 1.0, 0.0]

6

[150, 4.0, 8.0, 1.0, 1.0]
[150, 4.0, 9.0, 0.0, 1.0]
[150, 5.0, 8.0, 0.0, 1.0]
[135, 4.0, 8.0, 0.0, 1.0]
[79, 4.0, 8.0, 0.0, 0.0]
[99, 5.0, 8.0, 0.0, 0.0]
[143, 5.0, 10.0, 0.0, 0.0]
[124, 4.0, 10.0, 0.0, 0.0]
[109, 4.0, 9.0, 0.0, 0.0]
[132, 5.0, 9.0, 0.0, 0.0]
[150, 4.0, 9.0, 1.0, 0.0]
[150, 5.0, 8.0, 1.0, 0.0]
[146, 4.0, 8.0, 1.0, 0.0]
