selection file, result

0

[19941214, 19950216.0, 1.0, 1.0, 1.0, 1.0]
[19941213, 19950215.0, 1.0, 1.0, 1.0, 1.0]
[19941213, 19950208.0, 0.0, 1.0, 1.0, 1.0]
[19941213, 19950129.0, 0.0, 0.0, 1.0, 1.0]
[19941213, 19950114.0, 0.0, 0.0, 0.0, 1.0]
[19941213, 19941210.0, 0.0, 0.0, 0.0, 0.0]
[19941208, 19950210.0, 1.0, 1.0, 1.0, 1.0]
[19941208, 19950203.0, 0.0, 1.0, 1.0, 1.0]
[19941208, 19950124.0, 0.0, 0.0, 1.0, 1.0]
[19941208, 19950109.0, 0.0, 0.0, 0.0, 1.0]
[19941208, 19941205.0, 0.0, 0.0, 0.0, 0.0]
[19941203, 19950205.0, 1.0, 1.0, 1.0, 1.0]
[19941203, 19950130.0, 0.0, 1.0, 1.0, 1.0]
[19941203, 19950119.0, 0.0, 0.0, 1.0, 1.0]
[19941203, 19950104.0, 0.0, 0.0, 0.0, 1.0]
[19941203, 19941130.0, 0.0, 0.0, 0.0, 0.0]
[19941128, 19950131.0, 1.0, 1.0, 1.0, 1.0]
[19941128, 19950125.0, 0.0, 1.0, 1.0, 1.0]
[19941128, 19950115.0, 0.0, 0.0, 1.0, 1.0]
[19941128, 19941230.0, 0.0, 0.0, 0.0, 1.0]
[19941128, 19941125.0, 0.0, 0.0, 0.0, 0.0]
[19941123, 19950126.0, 1.0, 1.0, 1.0, 1.0]
[19941123, 19950120.0, 0.0, 1.0, 1.0, 1.0]
[19941123, 19950110.0, 0.0, 0.0, 1.0, 1.0]
[19941123, 19941226.0, 0.0, 0.0, 0.0, 1.0]
[19941123, 19941120.0, 0.0, 0.0, 0.0, 0.0]
[19941118, 19950121.0, 1.0, 1.0, 1.0, 1.0]
[19941118, 19950115.0, 0.0, 1.0, 1.0, 1.0]
[19941118, 19950105.0, 0.0, 0.0, 1.0, 1.0]
[19941118, 19941221.0, 0.0, 0.0, 0.0, 1.0]
[19941118, 19941115.0, 0.0, 0.0, 0.0, 0.0]
[19941217.0, 19950219.0, 1.0, 1.0, 1.0, 1.0]
[19941223.0, 19950219.0, 0.0, 1.0, 1.0, 1.0]
[19950102.0, 19950219.0, 0.0, 0.0, 1.0, 1.0]
[19950117.0, 19950219.0, 0.0, 0.0, 0.0, 1.0]
[19950222.0, 19950219.0, 0.0, 0.0, 0.0, 0.0]
[19941222.0, 19950225.0, 1.0, 1.0, 1.0, 1.0]
[19941229.0, 19950225.0, 0.0, 1.0, 1.0, 1.0]
[19950107.0, 19950225.0, 0.0, 0.0, 1.0, 1.0]
[19950123.0, 19950225.0, 0.0, 0.0, 0.0, 1.0]
[19950228.0, 19950225.0, 0.0, 0.0, 0.0, 0.0]
[19941227.0, 19950302.0, 1.0, 1.0, 1.0, 1.0]
[19950103.0, 19950302.0, 0.0, 1.0, 1.0, 1.0]
[19950112.0, 19950302.0, 0.0, 0.0, 1.0, 1.0]
[19950128.0, 19950302.0, 0.0, 0.0, 0.0, 1.0]
[19950305.0, 19950302.0, 0.0, 0.0, 0.0, 0.0]
[19950101.0, 19950307.0, 1.0, 1.0, 1.0, 1.0]
[19950108.0, 19950307.0, 0.0, 1.0, 1.0, 1.0]
[19950118.0, 19950307.0, 0.0, 0.0, 1.0, 1.0]
[19950202.0, 19950307.0, 0.0, 0.0, 0.0, 1.0]
[19950310.0, 19950307.0, 0.0, 0.0, 0.0, 0.0]
[19950106.0, 19950312.0, 1.0, 1.0, 1.0, 1.0]
[19950113.0, 19950312.0, 0.0, 1.0, 1.0, 1.0]
[19950123.0, 19950312.0, 0.0, 0.0, 1.0, 1.0]
[19950207.0, 19950312.0, 0.0, 0.0, 0.0, 1.0]
[19950315.0, 19950312.0, 0.0, 0.0, 0.0, 0.0]
[19950111.0, 19950317.0, 1.0, 1.0, 1.0, 1.0]
[19950118.0, 19950317.0, 0.0, 1.0, 1.0, 1.0]
[19950127.0, 19950317.0, 0.0, 0.0, 1.0, 1.0]
[19950212.0, 19950317.0, 0.0, 0.0, 0.0, 1.0]
[19950321.0, 19950317.0, 0.0, 0.0, 0.0, 0.0]
[19950213.0, 19950317.0, 0.0, 0.0, 1.0, 0.0]
[19950127.0, 19950317.0, 0.0, 1.0, 0.0, 1.0]
[19950212.0, 19950317.0, 0.0, 1.0, 0.0, 0.0]
[19950127.0, 19950317.0, 0.0, 1.0, 1.0, 0.0]
[19950118.0, 19950317.0, 1.0, 0.0, 1.0, 1.0]
[19950127.0, 19950317.0, 1.0, 0.0, 0.0, 1.0]
[19950212.0, 19950317.0, 1.0, 0.0, 0.0, 0.0]
[19950127.0, 19950317.0, 1.0, 0.0, 1.0, 0.0]
[19950118.0, 19950317.0, 1.0, 1.0, 0.0, 1.0]
[19950127.0, 19950317.0, 1.0, 1.0, 0.0, 0.0]
[19950118.0, 19950317.0, 1.0, 1.0, 1.0, 0.0]
[19950110.0, 19950316.0, 1.0, 1.0, 1.0, 1.0]
[19950117.0, 19950316.0, 0.0, 1.0, 1.0, 1.0]
[19950126.0, 19950316.0, 0.0, 0.0, 1.0, 1.0]
[19950211.0, 19950316.0, 0.0, 0.0, 0.0, 1.0]
[19950320.0, 19950316.0, 0.0, 0.0, 0.0, 0.0]
[19950212.0, 19950316.0, 0.0, 0.0, 1.0, 0.0]
[19950126.0, 19950316.0, 0.0, 1.0, 0.0, 1.0]
[19950211.0, 19950316.0, 0.0, 1.0, 0.0, 0.0]
[19950126.0, 19950316.0, 0.0, 1.0, 1.0, 0.0]
[19950117.0, 19950316.0, 1.0, 0.0, 1.0, 1.0]
[19950126.0, 19950316.0, 1.0, 0.0, 0.0, 1.0]
[19950211.0, 19950316.0, 1.0, 0.0, 0.0, 0.0]
[19950126.0, 19950316.0, 1.0, 0.0, 1.0, 0.0]
[19950117.0, 19950316.0, 1.0, 1.0, 0.0, 1.0]
[19950126.0, 19950316.0, 1.0, 1.0, 0.0, 0.0]
[19950117.0, 19950316.0, 1.0, 1.0, 1.0, 0.0]
[19950208.0, 19950312.0, 0.0, 0.0, 1.0, 0.0]
[19950109.0, 19950315.0, 1.0, 1.0, 1.0, 1.0]
[19950116.0, 19950315.0, 0.0, 1.0, 1.0, 1.0]
[19950125.0, 19950315.0, 0.0, 0.0, 1.0, 1.0]
[19950210.0, 19950315.0, 0.0, 0.0, 0.0, 1.0]
[19950319.0, 19950315.0, 0.0, 0.0, 0.0, 0.0]
[19950211.0, 19950315.0, 0.0, 0.0, 1.0, 0.0]
[19950125.0, 19950315.0, 0.0, 1.0, 0.0, 1.0]
[19950210.0, 19950315.0, 0.0, 1.0, 0.0, 0.0]
[19950116.0, 19950315.0, 1.0, 0.0, 1.0, 1.0]
[19950125.0, 19950315.0, 1.0, 0.0, 0.0, 1.0]
[19950210.0, 19950315.0, 1.0, 0.0, 0.0, 0.0]
[19950116.0, 19950315.0, 1.0, 1.0, 0.0, 1.0]
[19950125.0, 19950315.0, 1.0, 1.0, 0.0, 0.0]
[19950116.0, 19950315.0, 1.0, 1.0, 1.0, 0.0]
[19950122.0, 19950312.0, 0.0, 1.0, 0.0, 1.0]
[19950207.0, 19950312.0, 0.0, 1.0, 0.0, 0.0]
[19950123.0, 19950312.0, 0.0, 1.0, 1.0, 0.0]
[19950108.0, 19950314.0, 1.0, 1.0, 1.0, 1.0]
[19950115.0, 19950314.0, 0.0, 1.0, 1.0, 1.0]
[19950124.0, 19950314.0, 0.0, 0.0, 1.0, 1.0]
[19950209.0, 19950314.0, 0.0, 0.0, 0.0, 1.0]
[19950318.0, 19950314.0, 0.0, 0.0, 0.0, 0.0]
[19950210.0, 19950314.0, 0.0, 0.0, 1.0, 0.0]
[19950124.0, 19950314.0, 0.0, 1.0, 0.0, 1.0]
[19950209.0, 19950314.0, 0.0, 1.0, 0.0, 0.0]
[19950125.0, 19950314.0, 0.0, 1.0, 1.0, 0.0]
[19950115.0, 19950314.0, 1.0, 0.0, 1.0, 1.0]
[19950124.0, 19950314.0, 1.0, 0.0, 0.0, 1.0]
[19950209.0, 19950314.0, 1.0, 0.0, 0.0, 0.0]
[19950125.0, 19950314.0, 1.0, 0.0, 1.0, 0.0]
[19950115.0, 19950314.0, 1.0, 1.0, 0.0, 1.0]
[19950124.0, 19950314.0, 1.0, 1.0, 0.0, 0.0]
[19950115.0, 19950314.0, 1.0, 1.0, 1.0, 0.0]
[19950113.0, 19950312.0, 1.0, 0.0, 1.0, 1.0]
[19950122.0, 19950312.0, 1.0, 0.0, 0.0, 1.0]
[19950207.0, 19950312.0, 1.0, 0.0, 0.0, 0.0]
[19950123.0, 19950312.0, 1.0, 0.0, 1.0, 0.0]
[19950113.0, 19950312.0, 1.0, 1.0, 0.0, 1.0]
[19950122.0, 19950312.0, 1.0, 1.0, 0.0, 0.0]
[19950113.0, 19950312.0, 1.0, 1.0, 1.0, 0.0]
[19950107.0, 19950313.0, 1.0, 1.0, 1.0, 1.0]
[19950114.0, 19950313.0, 0.0, 1.0, 1.0, 1.0]
[19950208.0, 19950313.0, 0.0, 0.0, 0.0, 1.0]
[19950316.0, 19950313.0, 0.0, 0.0, 0.0, 0.0]
[19950209.0, 19950313.0, 0.0, 0.0, 1.0, 0.0]
[19950123.0, 19950313.0, 0.0, 1.0, 0.0, 1.0]
[19950208.0, 19950313.0, 0.0, 1.0, 0.0, 0.0]
[19950124.0, 19950313.0, 0.0, 1.0, 1.0, 0.0]
[19950114.0, 19950313.0, 1.0, 0.0, 1.0, 1.0]
[19950123.0, 19950313.0, 1.0, 0.0, 0.0, 1.0]
[19950208.0, 19950313.0, 1.0, 0.0, 0.0, 0.0]
[19950124.0, 19950313.0, 1.0, 0.0, 1.0, 0.0]
[19950114.0, 19950313.0, 1.0, 1.0, 0.0, 1.0]
[19950123.0, 19950313.0, 1.0, 1.0, 0.0, 0.0]
[19950114.0, 19950313.0, 1.0, 1.0, 1.0, 0.0]
[19950105.0, 19950311.0, 1.0, 1.0, 1.0, 1.0]
[19950112.0, 19950311.0, 0.0, 1.0, 1.0, 1.0]
[19950122.0, 19950311.0, 0.0, 0.0, 1.0, 1.0]
[19950206.0, 19950311.0, 0.0, 0.0, 0.0, 1.0]
[19950314.0, 19950311.0, 0.0, 0.0, 0.0, 0.0]
[19950207.0, 19950311.0, 0.0, 0.0, 1.0, 0.0]
[19950121.0, 19950311.0, 0.0, 1.0, 0.0, 1.0]
[19950206.0, 19950311.0, 0.0, 1.0, 0.0, 0.0]
[19950122.0, 19950311.0, 0.0, 1.0, 1.0, 0.0]
[19950112.0, 19950311.0, 1.0, 0.0, 1.0, 1.0]
[19950121.0, 19950311.0, 1.0, 0.0, 0.0, 1.0]
[19950206.0, 19950311.0, 1.0, 0.0, 0.0, 0.0]
[19950122.0, 19950311.0, 1.0, 0.0, 1.0, 0.0]
[19950112.0, 19950311.0, 1.0, 1.0, 0.0, 1.0]
[19950121.0, 19950311.0, 1.0, 1.0, 0.0, 0.0]
[19950112.0, 19950311.0, 1.0, 1.0, 1.0, 0.0]
[19950203.0, 19950307.0, 0.0, 0.0, 1.0, 0.0]
[19950104.0, 19950310.0, 1.0, 1.0, 1.0, 1.0]
[19950111.0, 19950310.0, 0.0, 1.0, 1.0, 1.0]
[19950121.0, 19950310.0, 0.0, 0.0, 1.0, 1.0]
[19950205.0, 19950310.0, 0.0, 0.0, 0.0, 1.0]
[19950313.0, 19950310.0, 0.0, 0.0, 0.0, 0.0]
[19950206.0, 19950310.0, 0.0, 0.0, 1.0, 0.0]
[19950120.0, 19950310.0, 0.0, 1.0, 0.0, 1.0]
[19950205.0, 19950310.0, 0.0, 1.0, 0.0, 0.0]
[19950121.0, 19950310.0, 0.0, 1.0, 1.0, 0.0]
[19950111.0, 19950310.0, 1.0, 0.0, 1.0, 1.0]
[19950120.0, 19950310.0, 1.0, 0.0, 0.0, 1.0]
[19950205.0, 19950310.0, 1.0, 0.0, 0.0, 0.0]
[19950121.0, 19950310.0, 1.0, 0.0, 1.0, 0.0]
[19950111.0, 19950310.0, 1.0, 1.0, 0.0, 1.0]
[19950120.0, 19950310.0, 1.0, 1.0, 0.0, 0.0]
[19950111.0, 19950310.0, 1.0, 1.0, 1.0, 0.0]
[19950117.0, 19950307.0, 0.0, 1.0, 0.0, 1.0]
[19950202.0, 19950307.0, 0.0, 1.0, 0.0, 0.0]
[19950118.0, 19950307.0, 0.0, 1.0, 1.0, 0.0]
[19950103.0, 19950309.0, 1.0, 1.0, 1.0, 1.0]
[19950110.0, 19950309.0, 0.0, 1.0, 1.0, 1.0]
[19950120.0, 19950309.0, 0.0, 0.0, 1.0, 1.0]
[19950204.0, 19950309.0, 0.0, 0.0, 0.0, 1.0]
[19950312.0, 19950309.0, 0.0, 0.0, 0.0, 0.0]
[19950205.0, 19950309.0, 0.0, 0.0, 1.0, 0.0]
[19950119.0, 19950309.0, 0.0, 1.0, 0.0, 1.0]
[19950204.0, 19950309.0, 0.0, 1.0, 0.0, 0.0]
[19950120.0, 19950309.0, 0.0, 1.0, 1.0, 0.0]
[19950110.0, 19950309.0, 1.0, 0.0, 1.0, 1.0]
[19950119.0, 19950309.0, 1.0, 0.0, 0.0, 1.0]
[19950204.0, 19950309.0, 1.0, 0.0, 0.0, 0.0]
[19950120.0, 19950309.0, 1.0, 0.0, 1.0, 0.0]
[19950110.0, 19950309.0, 1.0, 1.0, 0.0, 1.0]
[19950119.0, 19950309.0, 1.0, 1.0, 0.0, 0.0]
[19950110.0, 19950309.0, 1.0, 1.0, 1.0, 0.0]
[19950108.0, 19950307.0, 1.0, 0.0, 1.0, 1.0]
[19950117.0, 19950307.0, 1.0, 0.0, 0.0, 1.0]
[19950202.0, 19950307.0, 1.0, 0.0, 0.0, 0.0]
[19950118.0, 19950307.0, 1.0, 0.0, 1.0, 0.0]
[19950108.0, 19950307.0, 1.0, 1.0, 0.0, 1.0]
[19950117.0, 19950307.0, 1.0, 1.0, 0.0, 0.0]
[19950108.0, 19950307.0, 1.0, 1.0, 1.0, 0.0]
[19950102.0, 19950308.0, 1.0, 1.0, 1.0, 1.0]
[19950109.0, 19950308.0, 0.0, 1.0, 1.0, 1.0]
[19950119.0, 19950308.0, 0.0, 0.0, 1.0, 1.0]
[19950203.0, 19950308.0, 0.0, 0.0, 0.0, 1.0]
[19950311.0, 19950308.0, 0.0, 0.0, 0.0, 0.0]
[19950204.0, 19950308.0, 0.0, 0.0, 1.0, 0.0]
[19950118.0, 19950308.0, 0.0, 1.0, 0.0, 1.0]
[19950203.0, 19950308.0, 0.0, 1.0, 0.0, 0.0]
[19950119.0, 19950308.0, 0.0, 1.0, 1.0, 0.0]
[19950109.0, 19950308.0, 1.0, 0.0, 1.0, 1.0]
[19950118.0, 19950308.0, 1.0, 0.0, 0.0, 1.0]
[19950203.0, 19950308.0, 1.0, 0.0, 0.0, 0.0]
[19950119.0, 19950308.0, 1.0, 0.0, 1.0, 0.0]
[19950109.0, 19950308.0, 1.0, 1.0, 0.0, 1.0]
[19950118.0, 19950308.0, 1.0, 1.0, 0.0, 0.0]
[19950109.0, 19950308.0, 1.0, 1.0, 1.0, 0.0]
[19950107.0, 19950306.0, 0.0, 1.0, 1.0, 1.0]
[19950117.0, 19950306.0, 0.0, 0.0, 1.0, 1.0]
[19950201.0, 19950306.0, 0.0, 0.0, 0.0, 1.0]
[19950309.0, 19950306.0, 0.0, 0.0, 0.0, 0.0]
[19950202.0, 19950306.0, 0.0, 0.0, 1.0, 0.0]
[19950116.0, 19950306.0, 0.0, 1.0, 0.0, 1.0]
[19950201.0, 19950306.0, 0.0, 1.0, 0.0, 0.0]
[19950117.0, 19950306.0, 0.0, 1.0, 1.0, 0.0]
[19950107.0, 19950306.0, 1.0, 0.0, 1.0, 1.0]
[19950116.0, 19950306.0, 1.0, 0.0, 0.0, 1.0]
[19950201.0, 19950306.0, 1.0, 0.0, 0.0, 0.0]
[19950117.0, 19950306.0, 1.0, 0.0, 1.0, 0.0]
[19950107.0, 19950306.0, 1.0, 1.0, 0.0, 1.0]
[19950116.0, 19950306.0, 1.0, 1.0, 0.0, 0.0]
[19950107.0, 19950306.0, 1.0, 1.0, 1.0, 0.0]
[19950129.0, 19950302.0, 0.0, 0.0, 1.0, 0.0]
[19941231.0, 19950305.0, 1.0, 1.0, 1.0, 1.0]
[19950106.0, 19950305.0, 0.0, 1.0, 1.0, 1.0]
[19950116.0, 19950305.0, 0.0, 0.0, 1.0, 1.0]
[19950131.0, 19950305.0, 0.0, 0.0, 0.0, 1.0]
[19950308.0, 19950305.0, 0.0, 0.0, 0.0, 0.0]
[19950201.0, 19950305.0, 0.0, 0.0, 1.0, 0.0]
[19950115.0, 19950305.0, 0.0, 1.0, 0.0, 1.0]
[19950131.0, 19950305.0, 0.0, 1.0, 0.0, 0.0]
[19950116.0, 19950305.0, 0.0, 1.0, 1.0, 0.0]
[19950106.0, 19950305.0, 1.0, 0.0, 1.0, 1.0]
[19950115.0, 19950305.0, 1.0, 0.0, 0.0, 1.0]
[19950131.0, 19950305.0, 1.0, 0.0, 0.0, 0.0]
[19950116.0, 19950305.0, 1.0, 0.0, 1.0, 0.0]
[19950106.0, 19950305.0, 1.0, 1.0, 0.0, 1.0]
[19950115.0, 19950305.0, 1.0, 1.0, 0.0, 0.0]
[19950106.0, 19950305.0, 1.0, 1.0, 1.0, 0.0]
[19950112.0, 19950302.0, 0.0, 1.0, 0.0, 1.0]
[19950128.0, 19950302.0, 0.0, 1.0, 0.0, 0.0]
[19950113.0, 19950302.0, 0.0, 1.0, 1.0, 0.0]
[19941230.0, 19950304.0, 1.0, 1.0, 1.0, 1.0]
[19950105.0, 19950304.0, 0.0, 1.0, 1.0, 1.0]
[19950114.0, 19950304.0, 0.0, 0.0, 1.0, 1.0]
[19950130.0, 19950304.0, 0.0, 0.0, 0.0, 1.0]
[19950307.0, 19950304.0, 0.0, 0.0, 0.0, 0.0]
[19950131.0, 19950304.0, 0.0, 0.0, 1.0, 0.0]
[19950114.0, 19950304.0, 0.0, 1.0, 0.0, 1.0]
[19950130.0, 19950304.0, 0.0, 1.0, 0.0, 0.0]
[19950115.0, 19950304.0, 0.0, 1.0, 1.0, 0.0]
[19950105.0, 19950304.0, 1.0, 0.0, 1.0, 1.0]
[19950114.0, 19950304.0, 1.0, 0.0, 0.0, 1.0]
[19950130.0, 19950304.0, 1.0, 0.0, 0.0, 0.0]
[19950114.0, 19950304.0, 1.0, 0.0, 1.0, 0.0]
[19950105.0, 19950304.0, 1.0, 1.0, 0.0, 1.0]
[19950114.0, 19950304.0, 1.0, 1.0, 0.0, 0.0]
[19950105.0, 19950304.0, 1.0, 1.0, 1.0, 0.0]
[19950103.0, 19950302.0, 1.0, 0.0, 1.0, 1.0]
[19950112.0, 19950302.0, 1.0, 0.0, 0.0, 1.0]
[19950128.0, 19950302.0, 1.0, 0.0, 0.0, 0.0]
[19950113.0, 19950302.0, 1.0, 0.0, 1.0, 0.0]
[19950103.0, 19950302.0, 1.0, 1.0, 0.0, 1.0]
[19950112.0, 19950302.0, 1.0, 1.0, 0.0, 0.0]
[19950103.0, 19950302.0, 1.0, 1.0, 1.0, 0.0]
[19941228.0, 19950303.0, 1.0, 1.0, 1.0, 1.0]
[19950104.0, 19950303.0, 0.0, 1.0, 1.0, 1.0]
[19950129.0, 19950303.0, 0.0, 0.0, 0.0, 1.0]
[19950306.0, 19950303.0, 0.0, 0.0, 0.0, 0.0]
[19950130.0, 19950303.0, 0.0, 0.0, 1.0, 0.0]
[19950113.0, 19950303.0, 0.0, 1.0, 0.0, 1.0]
[19950129.0, 19950303.0, 0.0, 1.0, 0.0, 0.0]
[19950114.0, 19950303.0, 0.0, 1.0, 1.0, 0.0]
[19950104.0, 19950303.0, 1.0, 0.0, 1.0, 1.0]
[19950113.0, 19950303.0, 1.0, 0.0, 0.0, 1.0]
[19950129.0, 19950303.0, 1.0, 0.0, 0.0, 0.0]
[19950104.0, 19950303.0, 1.0, 1.0, 0.0, 1.0]
[19950113.0, 19950303.0, 1.0, 1.0, 0.0, 0.0]
[19950104.0, 19950303.0, 1.0, 1.0, 1.0, 0.0]
[19941226.0, 19950301.0, 1.0, 1.0, 1.0, 1.0]
[19950102.0, 19950301.0, 0.0, 1.0, 1.0, 1.0]
[19950111.0, 19950301.0, 0.0, 0.0, 1.0, 1.0]
[19950127.0, 19950301.0, 0.0, 0.0, 0.0, 1.0]
[19950304.0, 19950301.0, 0.0, 0.0, 0.0, 0.0]
[19950128.0, 19950301.0, 0.0, 0.0, 1.0, 0.0]
[19950111.0, 19950301.0, 0.0, 1.0, 0.0, 1.0]
[19950127.0, 19950301.0, 0.0, 1.0, 0.0, 0.0]
[19950111.0, 19950301.0, 0.0, 1.0, 1.0, 0.0]
[19950102.0, 19950301.0, 1.0, 0.0, 1.0, 1.0]
[19950111.0, 19950301.0, 1.0, 0.0, 0.0, 1.0]
[19950127.0, 19950301.0, 1.0, 0.0, 0.0, 0.0]
[19950111.0, 19950301.0, 1.0, 0.0, 1.0, 0.0]
[19950102.0, 19950301.0, 1.0, 1.0, 0.0, 1.0]
[19950111.0, 19950301.0, 1.0, 1.0, 0.0, 0.0]
[19950102.0, 19950301.0, 1.0, 1.0, 1.0, 0.0]
[19950124.0, 19950225.0, 0.0, 0.0, 1.0, 0.0]
[19941225.0, 19950228.0, 1.0, 1.0, 1.0, 1.0]
[19950101.0, 19950228.0, 0.0, 1.0, 1.0, 1.0]
[19950110.0, 19950228.0, 0.0, 0.0, 1.0, 1.0]
[19950126.0, 19950228.0, 0.0, 0.0, 0.0, 1.0]
[19950303.0, 19950228.0, 0.0, 0.0, 0.0, 0.0]
[19950127.0, 19950228.0, 0.0, 0.0, 1.0, 0.0]
[19950110.0, 19950228.0, 0.0, 1.0, 0.0, 1.0]
[19950126.0, 19950228.0, 0.0, 1.0, 0.0, 0.0]
[19950101.0, 19950228.0, 1.0, 0.0, 1.0, 1.0]
[19950110.0, 19950228.0, 1.0, 0.0, 0.0, 1.0]
[19950126.0, 19950228.0, 1.0, 0.0, 0.0, 0.0]
[19950110.0, 19950228.0, 1.0, 0.0, 1.0, 0.0]
[19950101.0, 19950228.0, 1.0, 1.0, 0.0, 1.0]
[19950110.0, 19950228.0, 1.0, 1.0, 0.0, 0.0]
[19950101.0, 19950228.0, 1.0, 1.0, 1.0, 0.0]
[19950107.0, 19950225.0, 0.0, 1.0, 0.0, 1.0]
[19950123.0, 19950225.0, 0.0, 1.0, 0.0, 0.0]
[19950108.0, 19950225.0, 0.0, 1.0, 1.0, 0.0]
[19941224.0, 19950227.0, 1.0, 1.0, 1.0, 1.0]
[19941231.0, 19950227.0, 0.0, 1.0, 1.0, 1.0]
[19950109.0, 19950227.0, 0.0, 0.0, 1.0, 1.0]
[19950125.0, 19950227.0, 0.0, 0.0, 0.0, 1.0]
[19950302.0, 19950227.0, 0.0, 0.0, 0.0, 0.0]
[19950126.0, 19950227.0, 0.0, 0.0, 1.0, 0.0]
[19950109.0, 19950227.0, 0.0, 1.0, 0.0, 1.0]
[19950125.0, 19950227.0, 0.0, 1.0, 0.0, 0.0]
[19950110.0, 19950227.0, 0.0, 1.0, 1.0, 0.0]
[19941231.0, 19950227.0, 1.0, 0.0, 1.0, 1.0]
[19950109.0, 19950227.0, 1.0, 0.0, 0.0, 1.0]
[19950125.0, 19950227.0, 1.0, 0.0, 0.0, 0.0]
[19950109.0, 19950227.0, 1.0, 0.0, 1.0, 0.0]
[19941231.0, 19950227.0, 1.0, 1.0, 0.0, 1.0]
[19950109.0, 19950227.0, 1.0, 1.0, 0.0, 0.0]
[19941231.0, 19950227.0, 1.0, 1.0, 1.0, 0.0]
[19941229.0, 19950225.0, 1.0, 0.0, 1.0, 1.0]
[19950107.0, 19950225.0, 1.0, 0.0, 0.0, 1.0]
[19950123.0, 19950225.0, 1.0, 0.0, 0.0, 0.0]
[19950108.0, 19950225.0, 1.0, 0.0, 1.0, 0.0]
[19941229.0, 19950225.0, 1.0, 1.0, 0.0, 1.0]
[19950107.0, 19950225.0, 1.0, 1.0, 0.0, 0.0]
[19941229.0, 19950225.0, 1.0, 1.0, 1.0, 0.0]
[19941223.0, 19950226.0, 1.0, 1.0, 1.0, 1.0]
[19941230.0, 19950226.0, 0.0, 1.0, 1.0, 1.0]
[19950108.0, 19950226.0, 0.0, 0.0, 1.0, 1.0]
[19950124.0, 19950226.0, 0.0, 0.0, 0.0, 1.0]
[19950301.0, 19950226.0, 0.0, 0.0, 0.0, 0.0]
[19950125.0, 19950226.0, 0.0, 0.0, 1.0, 0.0]
[19950108.0, 19950226.0, 0.0, 1.0, 0.0, 1.0]
[19950124.0, 19950226.0, 0.0, 1.0, 0.0, 0.0]
[19950109.0, 19950226.0, 0.0, 1.0, 1.0, 0.0]
[19941230.0, 19950226.0, 1.0, 0.0, 1.0, 1.0]
[19950108.0, 19950226.0, 1.0, 0.0, 0.0, 1.0]
[19950124.0, 19950226.0, 1.0, 0.0, 0.0, 0.0]
[19941230.0, 19950226.0, 1.0, 1.0, 0.0, 1.0]
[19950108.0, 19950226.0, 1.0, 1.0, 0.0, 0.0]
[19941230.0, 19950226.0, 1.0, 1.0, 1.0, 0.0]
[19941221.0, 19950223.0, 1.0, 1.0, 1.0, 1.0]
[19941227.0, 19950223.0, 0.0, 1.0, 1.0, 1.0]
[19950106.0, 19950223.0, 0.0, 0.0, 1.0, 1.0]
[19950121.0, 19950223.0, 0.0, 0.0, 0.0, 1.0]
[19950226.0, 19950223.0, 0.0, 0.0, 0.0, 0.0]
[19950122.0, 19950223.0, 0.0, 0.0, 1.0, 0.0]
[19950105.0, 19950223.0, 0.0, 1.0, 0.0, 1.0]
[19950121.0, 19950223.0, 0.0, 1.0, 0.0, 0.0]
[19950106.0, 19950223.0, 0.0, 1.0, 1.0, 0.0]
[19941227.0, 19950223.0, 1.0, 0.0, 1.0, 1.0]
[19950105.0, 19950223.0, 1.0, 0.0, 0.0, 1.0]
[19950121.0, 19950223.0, 1.0, 0.0, 0.0, 0.0]
[19950106.0, 19950223.0, 1.0, 0.0, 1.0, 0.0]
[19941227.0, 19950223.0, 1.0, 1.0, 0.0, 1.0]
[19950105.0, 19950223.0, 1.0, 1.0, 0.0, 0.0]
[19941227.0, 19950223.0, 1.0, 1.0, 1.0, 0.0]
[19950118.0, 19950219.0, 0.0, 0.0, 1.0, 0.0]
[19941220.0, 19950222.0, 1.0, 1.0, 1.0, 1.0]
[19941226.0, 19950222.0, 0.0, 1.0, 1.0, 1.0]
[19950105.0, 19950222.0, 0.0, 0.0, 1.0, 1.0]
[19950120.0, 19950222.0, 0.0, 0.0, 0.0, 1.0]
[19950225.0, 19950222.0, 0.0, 0.0, 0.0, 0.0]
[19950121.0, 19950222.0, 0.0, 0.0, 1.0, 0.0]
[19950104.0, 19950222.0, 0.0, 1.0, 0.0, 1.0]
[19950120.0, 19950222.0, 0.0, 1.0, 0.0, 0.0]
[19950105.0, 19950222.0, 0.0, 1.0, 1.0, 0.0]
[19941226.0, 19950222.0, 1.0, 0.0, 1.0, 1.0]
[19950104.0, 19950222.0, 1.0, 0.0, 0.0, 1.0]
[19950120.0, 19950222.0, 1.0, 0.0, 0.0, 0.0]
[19950105.0, 19950222.0, 1.0, 0.0, 1.0, 0.0]
[19941226.0, 19950222.0, 1.0, 1.0, 0.0, 1.0]
[19950104.0, 19950222.0, 1.0, 1.0, 0.0, 0.0]
[19941226.0, 19950222.0, 1.0, 1.0, 1.0, 0.0]
[19950101.0, 19950219.0, 0.0, 1.0, 0.0, 1.0]
[19950117.0, 19950219.0, 0.0, 1.0, 0.0, 0.0]
[19950102.0, 19950219.0, 0.0, 1.0, 1.0, 0.0]
[19941219.0, 19950221.0, 1.0, 1.0, 1.0, 1.0]
[19941225.0, 19950221.0, 0.0, 1.0, 1.0, 1.0]
[19950104.0, 19950221.0, 0.0, 0.0, 1.0, 1.0]
[19950119.0, 19950221.0, 0.0, 0.0, 0.0, 1.0]
[19950224.0, 19950221.0, 0.0, 0.0, 0.0, 0.0]
[19950120.0, 19950221.0, 0.0, 0.0, 1.0, 0.0]
[19950103.0, 19950221.0, 0.0, 1.0, 0.0, 1.0]
[19950119.0, 19950221.0, 0.0, 1.0, 0.0, 0.0]
[19950104.0, 19950221.0, 0.0, 1.0, 1.0, 0.0]
[19941225.0, 19950221.0, 1.0, 0.0, 1.0, 1.0]
[19950103.0, 19950221.0, 1.0, 0.0, 0.0, 1.0]
[19950119.0, 19950221.0, 1.0, 0.0, 0.0, 0.0]
[19950104.0, 19950221.0, 1.0, 0.0, 1.0, 0.0]
[19941225.0, 19950221.0, 1.0, 1.0, 0.0, 1.0]
[19950103.0, 19950221.0, 1.0, 1.0, 0.0, 0.0]
[19941225.0, 19950221.0, 1.0, 1.0, 1.0, 0.0]
[19941223.0, 19950219.0, 1.0, 0.0, 1.0, 1.0]
[19950101.0, 19950219.0, 1.0, 0.0, 0.0, 1.0]
[19950117.0, 19950219.0, 1.0, 0.0, 0.0, 0.0]
[19950102.0, 19950219.0, 1.0, 0.0, 1.0, 0.0]
[19941223.0, 19950219.0, 1.0, 1.0, 0.0, 1.0]
[19950101.0, 19950219.0, 1.0, 1.0, 0.0, 0.0]
[19941223.0, 19950219.0, 1.0, 1.0, 1.0, 0.0]
[19941218.0, 19950220.0, 1.0, 1.0, 1.0, 1.0]
[19941224.0, 19950220.0, 0.0, 1.0, 1.0, 1.0]
[19950103.0, 19950220.0, 0.0, 0.0, 1.0, 1.0]
[19950118.0, 19950220.0, 0.0, 0.0, 0.0, 1.0]
[19950223.0, 19950220.0, 0.0, 0.0, 0.0, 0.0]
[19950119.0, 19950220.0, 0.0, 0.0, 1.0, 0.0]
[19950102.0, 19950220.0, 0.0, 1.0, 0.0, 1.0]
[19950118.0, 19950220.0, 0.0, 1.0, 0.0, 0.0]
[19950103.0, 19950220.0, 0.0, 1.0, 1.0, 0.0]
[19941224.0, 19950220.0, 1.0, 0.0, 1.0, 1.0]
[19950102.0, 19950220.0, 1.0, 0.0, 0.0, 1.0]
[19950118.0, 19950220.0, 1.0, 0.0, 0.0, 0.0]
[19950103.0, 19950220.0, 1.0, 0.0, 1.0, 0.0]
[19941224.0, 19950220.0, 1.0, 1.0, 0.0, 1.0]
[19950102.0, 19950220.0, 1.0, 1.0, 0.0, 0.0]
[19941224.0, 19950220.0, 1.0, 1.0, 1.0, 0.0]
[19941216.0, 19950218.0, 1.0, 1.0, 1.0, 1.0]
[19941222.0, 19950218.0, 0.0, 1.0, 1.0, 1.0]
[19950101.0, 19950218.0, 0.0, 0.0, 1.0, 1.0]
[19950116.0, 19950218.0, 0.0, 0.0, 0.0, 1.0]
[19950221.0, 19950218.0, 0.0, 0.0, 0.0, 0.0]
[19950117.0, 19950218.0, 0.0, 0.0, 1.0, 0.0]
[19941231.0, 19950218.0, 0.0, 1.0, 0.0, 1.0]
[19950116.0, 19950218.0, 0.0, 1.0, 0.0, 0.0]
[19950101.0, 19950218.0, 0.0, 1.0, 1.0, 0.0]
[19941222.0, 19950218.0, 1.0, 0.0, 1.0, 1.0]
[19941231.0, 19950218.0, 1.0, 0.0, 0.0, 1.0]
[19950116.0, 19950218.0, 1.0, 0.0, 0.0, 0.0]
[19950101.0, 19950218.0, 1.0, 0.0, 1.0, 0.0]
[19941222.0, 19950218.0, 1.0, 1.0, 0.0, 1.0]
[19941231.0, 19950218.0, 1.0, 1.0, 0.0, 0.0]
[19941222.0, 19950218.0, 1.0, 1.0, 1.0, 0.0]
[19941118, 19941220.0, 0.0, 0.0, 1.0, 0.0]
[19941115, 19950118.0, 1.0, 1.0, 1.0, 1.0]
[19941115, 19950112.0, 0.0, 1.0, 1.0, 1.0]
[19941115, 19950102.0, 0.0, 0.0, 1.0, 1.0]
[19941115, 19941218.0, 0.0, 0.0, 0.0, 1.0]
[19941115, 19941112.0, 0.0, 0.0, 0.0, 0.0]
[19941115, 19941217.0, 0.0, 0.0, 1.0, 0.0]
[19941115, 19950102.0, 0.0, 1.0, 0.0, 1.0]
[19941115, 19941217.0, 0.0, 1.0, 0.0, 0.0]
[19941115, 19950102.0, 0.0, 1.0, 1.0, 0.0]
[19941115, 19950112.0, 1.0, 0.0, 1.0, 1.0]
[19941115, 19950102.0, 1.0, 0.0, 0.0, 1.0]
[19941115, 19941217.0, 1.0, 0.0, 0.0, 0.0]
[19941115, 19950102.0, 1.0, 0.0, 1.0, 0.0]
[19941115, 19950112.0, 1.0, 1.0, 0.0, 1.0]
[19941115, 19950102.0, 1.0, 1.0, 0.0, 0.0]
[19941115, 19950112.0, 1.0, 1.0, 1.0, 0.0]
[19941118, 19950106.0, 0.0, 1.0, 0.0, 1.0]
[19941118, 19941221.0, 0.0, 1.0, 0.0, 0.0]
[19941118, 19950105.0, 0.0, 1.0, 1.0, 0.0]
[19941116, 19950119.0, 1.0, 1.0, 1.0, 1.0]
[19941116, 19950113.0, 0.0, 1.0, 1.0, 1.0]
[19941116, 19950103.0, 0.0, 0.0, 1.0, 1.0]
[19941116, 19941219.0, 0.0, 0.0, 0.0, 1.0]
[19941116, 19941113.0, 0.0, 0.0, 0.0, 0.0]
[19941116, 19941218.0, 0.0, 0.0, 1.0, 0.0]
[19941116, 19950103.0, 0.0, 1.0, 0.0, 1.0]
[19941116, 19941219.0, 0.0, 1.0, 0.0, 0.0]
[19941116, 19950103.0, 0.0, 1.0, 1.0, 0.0]
[19941116, 19950113.0, 1.0, 0.0, 1.0, 1.0]
[19941116, 19950104.0, 1.0, 0.0, 0.0, 1.0]
[19941116, 19941219.0, 1.0, 0.0, 0.0, 0.0]
[19941116, 19950103.0, 1.0, 0.0, 1.0, 0.0]
[19941116, 19950113.0, 1.0, 1.0, 0.0, 1.0]
[19941116, 19950103.0, 1.0, 1.0, 0.0, 0.0]
[19941116, 19950113.0, 1.0, 1.0, 1.0, 0.0]
[19941118, 19950115.0, 1.0, 0.0, 1.0, 1.0]
[19941118, 19950106.0, 1.0, 0.0, 0.0, 1.0]
[19941118, 19941221.0, 1.0, 0.0, 0.0, 0.0]
[19941118, 19950105.0, 1.0, 0.0, 1.0, 0.0]
[19941118, 19950115.0, 1.0, 1.0, 0.0, 1.0]
[19941118, 19950105.0, 1.0, 1.0, 0.0, 0.0]
[19941118, 19950115.0, 1.0, 1.0, 1.0, 0.0]
[19941117, 19950120.0, 1.0, 1.0, 1.0, 1.0]
[19941117, 19950114.0, 0.0, 1.0, 1.0, 1.0]
[19941117, 19950104.0, 0.0, 0.0, 1.0, 1.0]
[19941117, 19941220.0, 0.0, 0.0, 0.0, 1.0]
[19941117, 19941114.0, 0.0, 0.0, 0.0, 0.0]
[19941117, 19941219.0, 0.0, 0.0, 1.0, 0.0]
[19941117, 19950105.0, 0.0, 1.0, 0.0, 1.0]
[19941117, 19941220.0, 0.0, 1.0, 0.0, 0.0]
[19941117, 19950104.0, 0.0, 1.0, 1.0, 0.0]
[19941117, 19950114.0, 1.0, 0.0, 1.0, 1.0]
[19941117, 19950105.0, 1.0, 0.0, 0.0, 1.0]
[19941117, 19941220.0, 1.0, 0.0, 0.0, 0.0]
[19941117, 19950104.0, 1.0, 0.0, 1.0, 0.0]
[19941117, 19950114.0, 1.0, 1.0, 0.0, 1.0]
[19941117, 19950104.0, 1.0, 1.0, 0.0, 0.0]
[19941117, 19950114.0, 1.0, 1.0, 1.0, 0.0]
[19941119, 19950123.0, 1.0, 1.0, 1.0, 1.0]
[19941119, 19950116.0, 0.0, 1.0, 1.0, 1.0]
[19941119, 19950106.0, 0.0, 0.0, 1.0, 1.0]
[19941119, 19941222.0, 0.0, 0.0, 0.0, 1.0]
[19941119, 19941116.0, 0.0, 0.0, 0.0, 0.0]
[19941119, 19941221.0, 0.0, 0.0, 1.0, 0.0]
[19941119, 19950107.0, 0.0, 1.0, 0.0, 1.0]
[19941119, 19941222.0, 0.0, 1.0, 0.0, 0.0]
[19941119, 19950106.0, 0.0, 1.0, 1.0, 0.0]
[19941119, 19950116.0, 1.0, 0.0, 1.0, 1.0]
[19941119, 19950107.0, 1.0, 0.0, 0.0, 1.0]
[19941119, 19941222.0, 1.0, 0.0, 0.0, 0.0]
[19941119, 19950106.0, 1.0, 0.0, 1.0, 0.0]
[19941119, 19950116.0, 1.0, 1.0, 0.0, 1.0]
[19941119, 19950107.0, 1.0, 1.0, 0.0, 0.0]
[19941119, 19950116.0, 1.0, 1.0, 1.0, 0.0]
[19941120, 19950124.0, 1.0, 1.0, 1.0, 1.0]
[19941120, 19950117.0, 0.0, 1.0, 1.0, 1.0]
[19941120, 19950108.0, 0.0, 0.0, 1.0, 1.0]
[19941120, 19941223.0, 0.0, 0.0, 0.0, 1.0]
[19941120, 19941117.0, 0.0, 0.0, 0.0, 0.0]
[19941120, 19941223.0, 0.0, 0.0, 1.0, 0.0]
[19941120, 19950108.0, 0.0, 1.0, 0.0, 1.0]
[19941120, 19941223.0, 0.0, 1.0, 0.0, 0.0]
[19941120, 19950108.0, 0.0, 1.0, 1.0, 0.0]
[19941120, 19950117.0, 1.0, 0.0, 1.0, 1.0]
[19941120, 19950108.0, 1.0, 0.0, 0.0, 1.0]
[19941120, 19941223.0, 1.0, 0.0, 0.0, 0.0]
[19941120, 19950108.0, 1.0, 0.0, 1.0, 0.0]
[19941120, 19950117.0, 1.0, 1.0, 0.0, 1.0]
[19941120, 19950108.0, 1.0, 1.0, 0.0, 0.0]
[19941120, 19950117.0, 1.0, 1.0, 1.0, 0.0]
[19941123, 19950111.0, 0.0, 1.0, 0.0, 1.0]
[19941123, 19941226.0, 0.0, 1.0, 0.0, 0.0]
[19941123, 19950111.0, 0.0, 1.0, 1.0, 0.0]
[19941121, 19950125.0, 1.0, 1.0, 1.0, 1.0]
[19941121, 19950118.0, 0.0, 1.0, 1.0, 1.0]
[19941121, 19941224.0, 0.0, 0.0, 0.0, 1.0]
[19941121, 19941118.0, 0.0, 0.0, 0.0, 0.0]
[19941121, 19941224.0, 0.0, 0.0, 1.0, 0.0]
[19941121, 19950109.0, 0.0, 1.0, 0.0, 1.0]
[19941121, 19941224.0, 0.0, 1.0, 0.0, 0.0]
[19941121, 19950109.0, 0.0, 1.0, 1.0, 0.0]
[19941121, 19950118.0, 1.0, 0.0, 1.0, 1.0]
[19941121, 19950109.0, 1.0, 0.0, 0.0, 1.0]
[19941121, 19941224.0, 1.0, 0.0, 0.0, 0.0]
[19941121, 19950109.0, 1.0, 0.0, 1.0, 0.0]
[19941121, 19950118.0, 1.0, 1.0, 0.0, 1.0]
[19941121, 19950109.0, 1.0, 1.0, 0.0, 0.0]
[19941121, 19950118.0, 1.0, 1.0, 1.0, 0.0]
[19941123, 19950120.0, 1.0, 0.0, 1.0, 1.0]
[19941123, 19941226.0, 1.0, 0.0, 0.0, 0.0]
[19941123, 19950120.0, 1.0, 1.0, 0.0, 1.0]
[19941123, 19950111.0, 1.0, 1.0, 0.0, 0.0]
[19941123, 19950120.0, 1.0, 1.0, 1.0, 0.0]
[19941122, 19950119.0, 0.0, 1.0, 1.0, 1.0]
[19941122, 19950109.0, 0.0, 0.0, 1.0, 1.0]
[19941122, 19941225.0, 0.0, 0.0, 0.0, 1.0]
[19941122, 19941119.0, 0.0, 0.0, 0.0, 0.0]
[19941122, 19941225.0, 0.0, 0.0, 1.0, 0.0]
[19941122, 19950110.0, 0.0, 1.0, 0.0, 1.0]
[19941122, 19941225.0, 0.0, 1.0, 0.0, 0.0]
[19941122, 19950110.0, 0.0, 1.0, 1.0, 0.0]
[19941122, 19950119.0, 1.0, 0.0, 1.0, 1.0]
[19941122, 19950110.0, 1.0, 0.0, 0.0, 1.0]
[19941122, 19941225.0, 1.0, 0.0, 0.0, 0.0]
[19941122, 19950110.0, 1.0, 0.0, 1.0, 0.0]
[19941122, 19950119.0, 1.0, 1.0, 0.0, 1.0]
[19941122, 19950110.0, 1.0, 1.0, 0.0, 0.0]
[19941122, 19950119.0, 1.0, 1.0, 1.0, 0.0]
[19941124, 19950127.0, 1.0, 1.0, 1.0, 1.0]
[19941124, 19950121.0, 0.0, 1.0, 1.0, 1.0]
[19941124, 19950111.0, 0.0, 0.0, 1.0, 1.0]
[19941124, 19941121.0, 0.0, 0.0, 0.0, 0.0]
[19941124, 19941226.0, 0.0, 0.0, 1.0, 0.0]
[19941124, 19950112.0, 0.0, 1.0, 0.0, 1.0]
[19941124, 19941227.0, 0.0, 1.0, 0.0, 0.0]
[19941124, 19950112.0, 0.0, 1.0, 1.0, 0.0]
[19941124, 19950121.0, 1.0, 0.0, 1.0, 1.0]
[19941124, 19950111.0, 1.0, 0.0, 0.0, 1.0]
[19941124, 19950111.0, 1.0, 0.0, 1.0, 0.0]
[19941124, 19950121.0, 1.0, 1.0, 0.0, 1.0]
[19941124, 19950112.0, 1.0, 1.0, 0.0, 0.0]
[19941124, 19950121.0, 1.0, 1.0, 1.0, 0.0]
[19941128, 19941230.0, 0.0, 0.0, 1.0, 0.0]
[19941125, 19950128.0, 1.0, 1.0, 1.0, 1.0]
[19941125, 19950122.0, 0.0, 1.0, 1.0, 1.0]
[19941125, 19950112.0, 0.0, 0.0, 1.0, 1.0]
[19941125, 19941227.0, 0.0, 0.0, 0.0, 1.0]
[19941125, 19941122.0, 0.0, 0.0, 0.0, 0.0]
[19941125, 19941227.0, 0.0, 0.0, 1.0, 0.0]
[19941125, 19950113.0, 0.0, 1.0, 0.0, 1.0]
[19941125, 19941228.0, 0.0, 1.0, 0.0, 0.0]
[19941125, 19950113.0, 0.0, 1.0, 1.0, 0.0]
[19941125, 19950112.0, 1.0, 0.0, 0.0, 1.0]
[19941125, 19941228.0, 1.0, 0.0, 0.0, 0.0]
[19941125, 19950112.0, 1.0, 0.0, 1.0, 0.0]
[19941125, 19950122.0, 1.0, 1.0, 0.0, 1.0]
[19941125, 19950113.0, 1.0, 1.0, 0.0, 0.0]
[19941125, 19950122.0, 1.0, 1.0, 1.0, 0.0]
[19941128, 19950116.0, 0.0, 1.0, 0.0, 1.0]
[19941128, 19941231.0, 0.0, 1.0, 0.0, 0.0]
[19941128, 19950115.0, 0.0, 1.0, 1.0, 0.0]
[19941126, 19950129.0, 1.0, 1.0, 1.0, 1.0]
[19941126, 19950123.0, 0.0, 1.0, 1.0, 1.0]
[19941126, 19950113.0, 0.0, 0.0, 1.0, 1.0]
[19941126, 19941228.0, 0.0, 0.0, 0.0, 1.0]
[19941126, 19941123.0, 0.0, 0.0, 0.0, 0.0]
[19941126, 19941228.0, 0.0, 0.0, 1.0, 0.0]
[19941126, 19950114.0, 0.0, 1.0, 0.0, 1.0]
[19941126, 19941229.0, 0.0, 1.0, 0.0, 0.0]
[19941126, 19950114.0, 0.0, 1.0, 1.0, 0.0]
[19941126, 19950123.0, 1.0, 0.0, 1.0, 1.0]
[19941126, 19950114.0, 1.0, 0.0, 0.0, 1.0]
[19941126, 19941229.0, 1.0, 0.0, 0.0, 0.0]
[19941126, 19950113.0, 1.0, 0.0, 1.0, 0.0]
[19941126, 19950123.0, 1.0, 1.0, 0.0, 1.0]
[19941126, 19950114.0, 1.0, 1.0, 0.0, 0.0]
[19941126, 19950123.0, 1.0, 1.0, 1.0, 0.0]
[19941128, 19950116.0, 1.0, 0.0, 0.0, 1.0]
[19941128, 19941231.0, 1.0, 0.0, 0.0, 0.0]
[19941128, 19950115.0, 1.0, 0.0, 1.0, 0.0]
[19941128, 19950125.0, 1.0, 1.0, 0.0, 1.0]
[19941128, 19950116.0, 1.0, 1.0, 0.0, 0.0]
[19941128, 19950125.0, 1.0, 1.0, 1.0, 0.0]
[19941127, 19950130.0, 1.0, 1.0, 1.0, 1.0]
[19941127, 19950124.0, 0.0, 1.0, 1.0, 1.0]
[19941127, 19950114.0, 0.0, 0.0, 1.0, 1.0]
[19941127, 19941229.0, 0.0, 0.0, 0.0, 1.0]
[19941127, 19941124.0, 0.0, 0.0, 0.0, 0.0]
[19941127, 19941229.0, 0.0, 0.0, 1.0, 0.0]
[19941127, 19950115.0, 0.0, 1.0, 0.0, 1.0]
[19941127, 19941230.0, 0.0, 1.0, 0.0, 0.0]
[19941127, 19950124.0, 1.0, 0.0, 1.0, 1.0]
[19941127, 19950115.0, 1.0, 0.0, 0.0, 1.0]
[19941127, 19941230.0, 1.0, 0.0, 0.0, 0.0]
[19941127, 19950114.0, 1.0, 0.0, 1.0, 0.0]
[19941127, 19950124.0, 1.0, 1.0, 0.0, 1.0]
[19941127, 19950115.0, 1.0, 1.0, 0.0, 0.0]
[19941127, 19950124.0, 1.0, 1.0, 1.0, 0.0]
[19941129, 19950201.0, 1.0, 1.0, 1.0, 1.0]
[19941129, 19941231.0, 0.0, 0.0, 0.0, 1.0]
[19941129, 19941126.0, 0.0, 0.0, 0.0, 0.0]
[19941129, 19941231.0, 0.0, 0.0, 1.0, 0.0]
[19941129, 19950117.0, 0.0, 1.0, 0.0, 1.0]
[19941129, 19950101.0, 0.0, 1.0, 0.0, 0.0]
[19941129, 19950116.0, 0.0, 1.0, 1.0, 0.0]
[19941129, 19950125.0, 1.0, 0.0, 1.0, 1.0]
[19941129, 19950101.0, 1.0, 0.0, 0.0, 0.0]
[19941129, 19950116.0, 1.0, 0.0, 1.0, 0.0]
[19941129, 19950126.0, 1.0, 1.0, 0.0, 1.0]
[19941129, 19950117.0, 1.0, 1.0, 0.0, 0.0]
[19941129, 19950126.0, 1.0, 1.0, 1.0, 0.0]
[19941203, 19950103.0, 0.0, 0.0, 1.0, 0.0]
[19941130, 19950202.0, 1.0, 1.0, 1.0, 1.0]
[19941130, 19950126.0, 0.0, 1.0, 1.0, 1.0]
[19941130, 19950116.0, 0.0, 0.0, 1.0, 1.0]
[19941130, 19950101.0, 0.0, 0.0, 0.0, 1.0]
[19941130, 19941127.0, 0.0, 0.0, 0.0, 0.0]
[19941130, 19950118.0, 0.0, 1.0, 0.0, 1.0]
[19941130, 19950102.0, 0.0, 1.0, 0.0, 0.0]
[19941130, 19950117.0, 0.0, 1.0, 1.0, 0.0]
[19941130, 19950126.0, 1.0, 0.0, 1.0, 1.0]
[19941130, 19950118.0, 1.0, 0.0, 0.0, 1.0]
[19941130, 19950102.0, 1.0, 0.0, 0.0, 0.0]
[19941130, 19950117.0, 1.0, 0.0, 1.0, 0.0]
[19941130, 19950127.0, 1.0, 1.0, 0.0, 1.0]
[19941130, 19950118.0, 1.0, 1.0, 0.0, 0.0]
[19941130, 19950127.0, 1.0, 1.0, 1.0, 0.0]
[19941203, 19950121.0, 0.0, 1.0, 0.0, 1.0]
[19941203, 19950105.0, 0.0, 1.0, 0.0, 0.0]
[19941203, 19950120.0, 0.0, 1.0, 1.0, 0.0]
[19941201, 19950203.0, 1.0, 1.0, 1.0, 1.0]
[19941201, 19950127.0, 0.0, 1.0, 1.0, 1.0]
[19941201, 19950117.0, 0.0, 0.0, 1.0, 1.0]
[19941201, 19950102.0, 0.0, 0.0, 0.0, 1.0]
[19941201, 19941128.0, 0.0, 0.0, 0.0, 0.0]
[19941201, 19950101.0, 0.0, 0.0, 1.0, 0.0]
[19941201, 19950103.0, 0.0, 1.0, 0.0, 0.0]
[19941201, 19950118.0, 0.0, 1.0, 1.0, 0.0]
[19941201, 19950127.0, 1.0, 0.0, 1.0, 1.0]
[19941201, 19950103.0, 1.0, 0.0, 0.0, 0.0]
[19941201, 19950118.0, 1.0, 0.0, 1.0, 0.0]
[19941201, 19950128.0, 1.0, 1.0, 0.0, 1.0]
[19941201, 19950119.0, 1.0, 1.0, 0.0, 0.0]
[19941201, 19950128.0, 1.0, 1.0, 1.0, 0.0]
[19941203, 19950129.0, 1.0, 0.0, 1.0, 1.0]
[19941203, 19950121.0, 1.0, 0.0, 0.0, 1.0]
[19941203, 19950105.0, 1.0, 0.0, 0.0, 0.0]
[19941203, 19950120.0, 1.0, 0.0, 1.0, 0.0]
[19941203, 19950130.0, 1.0, 1.0, 0.0, 1.0]
[19941203, 19950121.0, 1.0, 1.0, 0.0, 0.0]
[19941203, 19950130.0, 1.0, 1.0, 1.0, 0.0]
[19941202, 19950204.0, 1.0, 1.0, 1.0, 1.0]
[19941202, 19950128.0, 0.0, 1.0, 1.0, 1.0]
[19941202, 19950118.0, 0.0, 0.0, 1.0, 1.0]
[19941202, 19950103.0, 0.0, 0.0, 0.0, 1.0]
[19941202, 19941129.0, 0.0, 0.0, 0.0, 0.0]
[19941202, 19950102.0, 0.0, 0.0, 1.0, 0.0]
[19941202, 19950120.0, 0.0, 1.0, 0.0, 1.0]
[19941202, 19950104.0, 0.0, 1.0, 0.0, 0.0]
[19941202, 19950119.0, 0.0, 1.0, 1.0, 0.0]
[19941202, 19950128.0, 1.0, 0.0, 1.0, 1.0]
[19941202, 19950120.0, 1.0, 0.0, 0.0, 1.0]
[19941202, 19950104.0, 1.0, 0.0, 0.0, 0.0]
[19941202, 19950119.0, 1.0, 0.0, 1.0, 0.0]
[19941202, 19950129.0, 1.0, 1.0, 0.0, 1.0]
[19941202, 19950120.0, 1.0, 1.0, 0.0, 0.0]
[19941202, 19950129.0, 1.0, 1.0, 1.0, 0.0]
[19941204, 19950206.0, 1.0, 1.0, 1.0, 1.0]
[19941204, 19950131.0, 0.0, 1.0, 1.0, 1.0]
[19941204, 19950120.0, 0.0, 0.0, 1.0, 1.0]
[19941204, 19950105.0, 0.0, 0.0, 0.0, 1.0]
[19941204, 19941201.0, 0.0, 0.0, 0.0, 0.0]
[19941204, 19950104.0, 0.0, 0.0, 1.0, 0.0]
[19941204, 19950122.0, 0.0, 1.0, 0.0, 1.0]
[19941204, 19950106.0, 0.0, 1.0, 0.0, 0.0]
[19941204, 19950121.0, 0.0, 1.0, 1.0, 0.0]
[19941204, 19950130.0, 1.0, 0.0, 1.0, 1.0]
[19941204, 19950122.0, 1.0, 0.0, 0.0, 1.0]
[19941204, 19950106.0, 1.0, 0.0, 0.0, 0.0]
[19941204, 19950121.0, 1.0, 0.0, 1.0, 0.0]
[19941204, 19950131.0, 1.0, 1.0, 0.0, 1.0]
[19941204, 19950122.0, 1.0, 1.0, 0.0, 0.0]
[19941204, 19950131.0, 1.0, 1.0, 1.0, 0.0]
[19941208, 19950108.0, 0.0, 0.0, 1.0, 0.0]
[19941205, 19950207.0, 1.0, 1.0, 1.0, 1.0]
[19941205, 19950121.0, 0.0, 0.0, 1.0, 1.0]
[19941205, 19950106.0, 0.0, 0.0, 0.0, 1.0]
[19941205, 19941202.0, 0.0, 0.0, 0.0, 0.0]
[19941205, 19950105.0, 0.0, 0.0, 1.0, 0.0]
[19941205, 19950123.0, 0.0, 1.0, 0.0, 1.0]
[19941205, 19950107.0, 0.0, 1.0, 0.0, 0.0]
[19941205, 19950122.0, 0.0, 1.0, 1.0, 0.0]
[19941205, 19950131.0, 1.0, 0.0, 1.0, 1.0]
[19941205, 19950107.0, 1.0, 0.0, 0.0, 0.0]
[19941205, 19950122.0, 1.0, 0.0, 1.0, 0.0]
[19941205, 19950201.0, 1.0, 1.0, 0.0, 1.0]
[19941205, 19950123.0, 1.0, 1.0, 0.0, 0.0]
[19941205, 19950201.0, 1.0, 1.0, 1.0, 0.0]
[19941208, 19950125.0, 0.0, 1.0, 0.0, 1.0]
[19941208, 19950110.0, 0.0, 1.0, 0.0, 0.0]
[19941208, 19950125.0, 0.0, 1.0, 1.0, 0.0]
[19941206, 19950208.0, 1.0, 1.0, 1.0, 1.0]
[19941206, 19950201.0, 0.0, 1.0, 1.0, 1.0]
[19941206, 19950122.0, 0.0, 0.0, 1.0, 1.0]
[19941206, 19950107.0, 0.0, 0.0, 0.0, 1.0]
[19941206, 19950106.0, 0.0, 0.0, 1.0, 0.0]
[19941206, 19950108.0, 0.0, 1.0, 0.0, 0.0]
[19941206, 19950123.0, 0.0, 1.0, 1.0, 0.0]
[19941206, 19950201.0, 1.0, 0.0, 1.0, 1.0]
[19941206, 19950124.0, 1.0, 0.0, 0.0, 1.0]
[19941206, 19950108.0, 1.0, 0.0, 0.0, 0.0]
[19941206, 19950123.0, 1.0, 0.0, 1.0, 0.0]
[19941206, 19950202.0, 1.0, 1.0, 0.0, 1.0]
[19941206, 19950124.0, 1.0, 1.0, 0.0, 0.0]
[19941206, 19950202.0, 1.0, 1.0, 1.0, 0.0]
[19941208, 19950203.0, 1.0, 0.0, 1.0, 1.0]
[19941208, 19950110.0, 1.0, 0.0, 0.0, 0.0]
[19941208, 19950125.0, 1.0, 0.0, 1.0, 0.0]
[19941208, 19950204.0, 1.0, 1.0, 0.0, 1.0]
[19941208, 19950126.0, 1.0, 1.0, 0.0, 0.0]
[19941208, 19950204.0, 1.0, 1.0, 1.0, 0.0]
[19941207, 19950209.0, 1.0, 1.0, 1.0, 1.0]
[19941207, 19950202.0, 0.0, 1.0, 1.0, 1.0]
[19941207, 19950123.0, 0.0, 0.0, 1.0, 1.0]
[19941207, 19950108.0, 0.0, 0.0, 0.0, 1.0]
[19941207, 19941204.0, 0.0, 0.0, 0.0, 0.0]
[19941207, 19950107.0, 0.0, 0.0, 1.0, 0.0]
[19941207, 19950124.0, 0.0, 1.0, 0.0, 1.0]
[19941207, 19950109.0, 0.0, 1.0, 0.0, 0.0]
[19941207, 19950124.0, 0.0, 1.0, 1.0, 0.0]
[19941207, 19950202.0, 1.0, 0.0, 1.0, 1.0]
[19941207, 19950125.0, 1.0, 0.0, 0.0, 1.0]
[19941207, 19950109.0, 1.0, 0.0, 0.0, 0.0]
[19941207, 19950124.0, 1.0, 0.0, 1.0, 0.0]
[19941207, 19950203.0, 1.0, 1.0, 0.0, 1.0]
[19941207, 19950125.0, 1.0, 1.0, 0.0, 0.0]
[19941207, 19950203.0, 1.0, 1.0, 1.0, 0.0]
[19941209, 19950211.0, 1.0, 1.0, 1.0, 1.0]
[19941209, 19950204.0, 0.0, 1.0, 1.0, 1.0]
[19941209, 19950125.0, 0.0, 0.0, 1.0, 1.0]
[19941209, 19950110.0, 0.0, 0.0, 0.0, 1.0]
[19941209, 19950109.0, 0.0, 0.0, 1.0, 0.0]
[19941209, 19950126.0, 0.0, 1.0, 0.0, 1.0]
[19941209, 19950111.0, 0.0, 1.0, 0.0, 0.0]
[19941209, 19950126.0, 0.0, 1.0, 1.0, 0.0]
[19941209, 19950204.0, 1.0, 0.0, 1.0, 1.0]
[19941209, 19950126.0, 1.0, 0.0, 0.0, 1.0]
[19941209, 19950111.0, 1.0, 0.0, 0.0, 0.0]
[19941209, 19950126.0, 1.0, 0.0, 1.0, 0.0]
[19941209, 19950205.0, 1.0, 1.0, 0.0, 1.0]
[19941209, 19950127.0, 1.0, 1.0, 0.0, 0.0]
[19941213, 19950113.0, 0.0, 0.0, 1.0, 0.0]
[19941210, 19950212.0, 1.0, 1.0, 1.0, 1.0]
[19941210, 19950205.0, 0.0, 1.0, 1.0, 1.0]
[19941210, 19950126.0, 0.0, 0.0, 1.0, 1.0]
[19941210, 19950111.0, 0.0, 0.0, 0.0, 1.0]
[19941210, 19941207.0, 0.0, 0.0, 0.0, 0.0]
[19941210, 19950110.0, 0.0, 0.0, 1.0, 0.0]
[19941210, 19950127.0, 0.0, 1.0, 0.0, 1.0]
[19941210, 19950112.0, 0.0, 1.0, 0.0, 0.0]
[19941210, 19950127.0, 0.0, 1.0, 1.0, 0.0]
[19941210, 19950205.0, 1.0, 0.0, 1.0, 1.0]
[19941210, 19950127.0, 1.0, 0.0, 0.0, 1.0]
[19941210, 19950112.0, 1.0, 0.0, 0.0, 0.0]
[19941210, 19950127.0, 1.0, 0.0, 1.0, 0.0]
[19941210, 19950206.0, 1.0, 1.0, 0.0, 1.0]
[19941210, 19950128.0, 1.0, 1.0, 0.0, 0.0]
[19941210, 19950206.0, 1.0, 1.0, 1.0, 0.0]
[19941213, 19950131.0, 0.0, 1.0, 0.0, 1.0]
[19941213, 19950115.0, 0.0, 1.0, 0.0, 0.0]
[19941213, 19950130.0, 0.0, 1.0, 1.0, 0.0]
[19941211, 19950213.0, 1.0, 1.0, 1.0, 1.0]
[19941211, 19950206.0, 0.0, 1.0, 1.0, 1.0]
[19941211, 19950127.0, 0.0, 0.0, 1.0, 1.0]
[19941211, 19950112.0, 0.0, 0.0, 0.0, 1.0]
[19941211, 19950111.0, 0.0, 0.0, 1.0, 0.0]
[19941211, 19950128.0, 0.0, 1.0, 0.0, 1.0]
[19941211, 19950113.0, 0.0, 1.0, 0.0, 0.0]
[19941211, 19950128.0, 0.0, 1.0, 1.0, 0.0]
[19941211, 19950206.0, 1.0, 0.0, 1.0, 1.0]
[19941211, 19950128.0, 1.0, 0.0, 0.0, 1.0]
[19941211, 19950113.0, 1.0, 0.0, 0.0, 0.0]
[19941211, 19950128.0, 1.0, 0.0, 1.0, 0.0]
[19941211, 19950207.0, 1.0, 1.0, 0.0, 1.0]
[19941211, 19950129.0, 1.0, 1.0, 0.0, 0.0]
[19941211, 19950207.0, 1.0, 1.0, 1.0, 0.0]
[19941213, 19950208.0, 1.0, 0.0, 1.0, 1.0]
[19941213, 19950130.0, 1.0, 0.0, 0.0, 1.0]
[19941213, 19950115.0, 1.0, 0.0, 0.0, 0.0]
[19941213, 19950130.0, 1.0, 0.0, 1.0, 0.0]
[19941213, 19950209.0, 1.0, 1.0, 0.0, 1.0]
[19941213, 19950131.0, 1.0, 1.0, 0.0, 0.0]
[19941213, 19950209.0, 1.0, 1.0, 1.0, 0.0]
[19941212, 19950214.0, 1.0, 1.0, 1.0, 1.0]
[19941212, 19950207.0, 0.0, 1.0, 1.0, 1.0]
[19941212, 19950128.0, 0.0, 0.0, 1.0, 1.0]
[19941212, 19950113.0, 0.0, 0.0, 0.0, 1.0]
[19941212, 19941208.0, 0.0, 0.0, 0.0, 0.0]
[19941212, 19950112.0, 0.0, 0.0, 1.0, 0.0]
[19941212, 19950130.0, 0.0, 1.0, 0.0, 1.0]
[19941212, 19950114.0, 0.0, 1.0, 0.0, 0.0]
[19941212, 19950129.0, 0.0, 1.0, 1.0, 0.0]
[19941212, 19950207.0, 1.0, 0.0, 1.0, 1.0]
[19941212, 19950129.0, 1.0, 0.0, 0.0, 1.0]
[19941212, 19950114.0, 1.0, 0.0, 0.0, 0.0]
[19941212, 19950129.0, 1.0, 0.0, 1.0, 0.0]
[19941212, 19950208.0, 1.0, 1.0, 0.0, 1.0]
[19941212, 19950130.0, 1.0, 1.0, 0.0, 0.0]
[19941212, 19950208.0, 1.0, 1.0, 1.0, 0.0]
[19941215.0, 19950217.0, 1.0, 1.0, 1.0, 1.0]
[19941221.0, 19950217.0, 0.0, 1.0, 1.0, 1.0]
[19941231.0, 19950217.0, 0.0, 0.0, 1.0, 1.0]
[19950115.0, 19950217.0, 0.0, 0.0, 0.0, 1.0]
[19950220.0, 19950217.0, 0.0, 0.0, 0.0, 0.0]
[19950116.0, 19950217.0, 0.0, 0.0, 1.0, 0.0]
[19941230.0, 19950217.0, 0.0, 1.0, 0.0, 1.0]
[19950115.0, 19950217.0, 0.0, 1.0, 0.0, 0.0]
[19941231.0, 19950217.0, 0.0, 1.0, 1.0, 0.0]
[19941221.0, 19950217.0, 1.0, 0.0, 1.0, 1.0]
[19941230.0, 19950217.0, 1.0, 0.0, 0.0, 1.0]
[19950115.0, 19950217.0, 1.0, 0.0, 0.0, 0.0]
[19941231.0, 19950217.0, 1.0, 0.0, 1.0, 0.0]
[19941221.0, 19950217.0, 1.0, 1.0, 0.0, 1.0]
[19941230.0, 19950217.0, 1.0, 1.0, 0.0, 0.0]
[19941221.0, 19950217.0, 1.0, 1.0, 1.0, 0.0]
[19941217.0, 19950213.0, 0.0, 1.0, 1.0, 1.0]
[19941216.0, 19950212.0, 0.0, 1.0, 1.0, 1.0]
[19941216.0, 19950201.0, 0.0, 0.0, 1.0, 1.0]
[19941216.0, 19950117.0, 0.0, 0.0, 0.0, 1.0]
[19941216.0, 19941212.0, 0.0, 0.0, 0.0, 0.0]
[19941220.0, 19950216.0, 0.0, 1.0, 1.0, 1.0]
[19941230.0, 19950216.0, 0.0, 0.0, 1.0, 1.0]
[19950114.0, 19950216.0, 0.0, 0.0, 0.0, 1.0]
[19950219.0, 19950216.0, 0.0, 0.0, 0.0, 0.0]
[19950115.0, 19950216.0, 0.0, 0.0, 1.0, 0.0]
[19941229.0, 19950216.0, 0.0, 1.0, 0.0, 1.0]
[19950114.0, 19950216.0, 0.0, 1.0, 0.0, 0.0]
[19941230.0, 19950216.0, 0.0, 1.0, 1.0, 0.0]
[19941219.0, 19950215.0, 0.0, 1.0, 1.0, 1.0]
[19941229.0, 19950215.0, 0.0, 0.0, 1.0, 1.0]
[19950113.0, 19950215.0, 0.0, 0.0, 0.0, 1.0]
[19950218.0, 19950215.0, 0.0, 0.0, 0.0, 0.0]
[19950114.0, 19950215.0, 0.0, 0.0, 1.0, 0.0]
[19941228.0, 19950215.0, 0.0, 1.0, 0.0, 1.0]
[19950113.0, 19950215.0, 0.0, 1.0, 0.0, 0.0]
[19941229.0, 19950215.0, 0.0, 1.0, 1.0, 0.0]
[19941216.0, 19950116.0, 0.0, 0.0, 1.0, 0.0]
[19941214.0, 19950210.0, 0.0, 1.0, 1.0, 1.0]
[19941214.0, 19950130.0, 0.0, 0.0, 1.0, 1.0]
[19941214.0, 19950115.0, 0.0, 0.0, 0.0, 1.0]
[19941214.0, 19941211.0, 0.0, 0.0, 0.0, 0.0]
[19941214.0, 19950114.0, 0.0, 0.0, 1.0, 0.0]
[19941214.0, 19950201.0, 0.0, 1.0, 0.0, 1.0]
[19941214.0, 19950116.0, 0.0, 1.0, 0.0, 0.0]
[19941214.0, 19950131.0, 0.0, 1.0, 1.0, 0.0]
[19941216.0, 19950203.0, 0.0, 1.0, 0.0, 1.0]
[19941216.0, 19950118.0, 0.0, 1.0, 0.0, 0.0]
[19941216.0, 19950202.0, 0.0, 1.0, 1.0, 0.0]
[19941215.0, 19950211.0, 0.0, 1.0, 1.0, 1.0]
[19941215.0, 19950131.0, 0.0, 0.0, 1.0, 1.0]
[19941215.0, 19950116.0, 0.0, 0.0, 0.0, 1.0]
[19941215.0, 19950115.0, 0.0, 0.0, 1.0, 0.0]
[19941215.0, 19950117.0, 0.0, 1.0, 0.0, 0.0]
[19941215.0, 19950201.0, 0.0, 1.0, 1.0, 0.0]
[19941218.0, 19950214.0, 0.0, 1.0, 1.0, 1.0]

1

[19941228, 19950303.0, 1.0, 1.0, 1.0, 1.0]
[19941227, 19950302.0, 1.0, 1.0, 1.0, 1.0]
[19941227, 19950223.0, 0.0, 1.0, 1.0, 1.0]
[19941227, 19950213.0, 0.0, 0.0, 1.0, 1.0]
[19941227, 19950129.0, 0.0, 0.0, 0.0, 1.0]
[19941227, 19941224.0, 0.0, 0.0, 0.0, 0.0]
[19941222, 19950225.0, 1.0, 1.0, 1.0, 1.0]
[19941222, 19950218.0, 0.0, 1.0, 1.0, 1.0]
[19941222, 19950208.0, 0.0, 0.0, 1.0, 1.0]
[19941222, 19950124.0, 0.0, 0.0, 0.0, 1.0]
[19941222, 19941219.0, 0.0, 0.0, 0.0, 0.0]
[19941217, 19950219.0, 1.0, 1.0, 1.0, 1.0]
[19941217, 19950213.0, 0.0, 1.0, 1.0, 1.0]
[19941217, 19950202.0, 0.0, 0.0, 1.0, 1.0]
[19941217, 19950118.0, 0.0, 0.0, 0.0, 1.0]
[19941217, 19941213.0, 0.0, 0.0, 0.0, 0.0]
[19950101.0, 19950307.0, 1.0, 1.0, 1.0, 1.0]
[19950108.0, 19950307.0, 0.0, 1.0, 1.0, 1.0]
[19950118.0, 19950307.0, 0.0, 0.0, 1.0, 1.0]
[19950202.0, 19950307.0, 0.0, 0.0, 0.0, 1.0]
[19950310.0, 19950307.0, 0.0, 0.0, 0.0, 0.0]
[19950106.0, 19950312.0, 1.0, 1.0, 1.0, 1.0]
[19950113.0, 19950312.0, 0.0, 1.0, 1.0, 1.0]
[19950123.0, 19950312.0, 0.0, 0.0, 1.0, 1.0]
[19950207.0, 19950312.0, 0.0, 0.0, 0.0, 1.0]
[19950315.0, 19950312.0, 0.0, 0.0, 0.0, 0.0]
[19950111.0, 19950317.0, 1.0, 1.0, 1.0, 1.0]
[19950118.0, 19950317.0, 0.0, 1.0, 1.0, 1.0]
[19950127.0, 19950317.0, 0.0, 0.0, 1.0, 1.0]
[19950212.0, 19950317.0, 0.0, 0.0, 0.0, 1.0]
[19950321.0, 19950317.0, 0.0, 0.0, 0.0, 0.0]
[19950213.0, 19950317.0, 0.0, 0.0, 1.0, 0.0]
[19950127.0, 19950317.0, 0.0, 1.0, 0.0, 1.0]
[19950212.0, 19950317.0, 0.0, 1.0, 0.0, 0.0]
[19950127.0, 19950317.0, 0.0, 1.0, 1.0, 0.0]
[19950118.0, 19950317.0, 1.0, 0.0, 1.0, 1.0]
[19950127.0, 19950317.0, 1.0, 0.0, 0.0, 1.0]
[19950212.0, 19950317.0, 1.0, 0.0, 0.0, 0.0]
[19950127.0, 19950317.0, 1.0, 0.0, 1.0, 0.0]
[19950118.0, 19950317.0, 1.0, 1.0, 0.0, 1.0]
[19950127.0, 19950317.0, 1.0, 1.0, 0.0, 0.0]
[19950118.0, 19950317.0, 1.0, 1.0, 1.0, 0.0]
[19950110.0, 19950316.0, 1.0, 1.0, 1.0, 1.0]
[19950117.0, 19950316.0, 0.0, 1.0, 1.0, 1.0]
[19950126.0, 19950316.0, 0.0, 0.0, 1.0, 1.0]
[19950211.0, 19950316.0, 0.0, 0.0, 0.0, 1.0]
[19950320.0, 19950316.0, 0.0, 0.0, 0.0, 0.0]
[19950212.0, 19950316.0, 0.0, 0.0, 1.0, 0.0]
[19950126.0, 19950316.0, 0.0, 1.0, 0.0, 1.0]
[19950211.0, 19950316.0, 0.0, 1.0, 0.0, 0.0]
[19950126.0, 19950316.0, 0.0, 1.0, 1.0, 0.0]
[19950117.0, 19950316.0, 1.0, 0.0, 1.0, 1.0]
[19950126.0, 19950316.0, 1.0, 0.0, 0.0, 1.0]
[19950211.0, 19950316.0, 1.0, 0.0, 0.0, 0.0]
[19950126.0, 19950316.0, 1.0, 0.0, 1.0, 0.0]
[19950117.0, 19950316.0, 1.0, 1.0, 0.0, 1.0]
[19950126.0, 19950316.0, 1.0, 1.0, 0.0, 0.0]
[19950117.0, 19950316.0, 1.0, 1.0, 1.0, 0.0]
[19950208.0, 19950312.0, 0.0, 0.0, 1.0, 0.0]
[19950109.0, 19950315.0, 1.0, 1.0, 1.0, 1.0]
[19950116.0, 19950315.0, 0.0, 1.0, 1.0, 1.0]
[19950125.0, 19950315.0, 0.0, 0.0, 1.0, 1.0]
[19950210.0, 19950315.0, 0.0, 0.0, 0.0, 1.0]
[19950319.0, 19950315.0, 0.0, 0.0, 0.0, 0.0]
[19950211.0, 19950315.0, 0.0, 0.0, 1.0, 0.0]
[19950125.0, 19950315.0, 0.0, 1.0, 0.0, 1.0]
[19950210.0, 19950315.0, 0.0, 1.0, 0.0, 0.0]
[19950116.0, 19950315.0, 1.0, 0.0, 1.0, 1.0]
[19950125.0, 19950315.0, 1.0, 0.0, 0.0, 1.0]
[19950210.0, 19950315.0, 1.0, 0.0, 0.0, 0.0]
[19950116.0, 19950315.0, 1.0, 1.0, 0.0, 1.0]
[19950125.0, 19950315.0, 1.0, 1.0, 0.0, 0.0]
[19950116.0, 19950315.0, 1.0, 1.0, 1.0, 0.0]
[19950122.0, 19950312.0, 0.0, 1.0, 0.0, 1.0]
[19950207.0, 19950312.0, 0.0, 1.0, 0.0, 0.0]
[19950123.0, 19950312.0, 0.0, 1.0, 1.0, 0.0]
[19950108.0, 19950314.0, 1.0, 1.0, 1.0, 1.0]
[19950115.0, 19950314.0, 0.0, 1.0, 1.0, 1.0]
[19950124.0, 19950314.0, 0.0, 0.0, 1.0, 1.0]
[19950209.0, 19950314.0, 0.0, 0.0, 0.0, 1.0]
[19950318.0, 19950314.0, 0.0, 0.0, 0.0, 0.0]
[19950210.0, 19950314.0, 0.0, 0.0, 1.0, 0.0]
[19950124.0, 19950314.0, 0.0, 1.0, 0.0, 1.0]
[19950209.0, 19950314.0, 0.0, 1.0, 0.0, 0.0]
[19950125.0, 19950314.0, 0.0, 1.0, 1.0, 0.0]
[19950115.0, 19950314.0, 1.0, 0.0, 1.0, 1.0]
[19950124.0, 19950314.0, 1.0, 0.0, 0.0, 1.0]
[19950209.0, 19950314.0, 1.0, 0.0, 0.0, 0.0]
[19950125.0, 19950314.0, 1.0, 0.0, 1.0, 0.0]
[19950115.0, 19950314.0, 1.0, 1.0, 0.0, 1.0]
[19950124.0, 19950314.0, 1.0, 1.0, 0.0, 0.0]
[19950115.0, 19950314.0, 1.0, 1.0, 1.0, 0.0]
[19950113.0, 19950312.0, 1.0, 0.0, 1.0, 1.0]
[19950122.0, 19950312.0, 1.0, 0.0, 0.0, 1.0]
[19950207.0, 19950312.0, 1.0, 0.0, 0.0, 0.0]
[19950123.0, 19950312.0, 1.0, 0.0, 1.0, 0.0]
[19950113.0, 19950312.0, 1.0, 1.0, 0.0, 1.0]
[19950122.0, 19950312.0, 1.0, 1.0, 0.0, 0.0]
[19950113.0, 19950312.0, 1.0, 1.0, 1.0, 0.0]
[19950107.0, 19950313.0, 1.0, 1.0, 1.0, 1.0]
[19950114.0, 19950313.0, 0.0, 1.0, 1.0, 1.0]
[19950208.0, 19950313.0, 0.0, 0.0, 0.0, 1.0]
[19950316.0, 19950313.0, 0.0, 0.0, 0.0, 0.0]
[19950209.0, 19950313.0, 0.0, 0.0, 1.0, 0.0]
[19950123.0, 19950313.0, 0.0, 1.0, 0.0, 1.0]
[19950208.0, 19950313.0, 0.0, 1.0, 0.0, 0.0]
[19950124.0, 19950313.0, 0.0, 1.0, 1.0, 0.0]
[19950114.0, 19950313.0, 1.0, 0.0, 1.0, 1.0]
[19950123.0, 19950313.0, 1.0, 0.0, 0.0, 1.0]
[19950208.0, 19950313.0, 1.0, 0.0, 0.0, 0.0]
[19950124.0, 19950313.0, 1.0, 0.0, 1.0, 0.0]
[19950114.0, 19950313.0, 1.0, 1.0, 0.0, 1.0]
[19950123.0, 19950313.0, 1.0, 1.0, 0.0, 0.0]
[19950114.0, 19950313.0, 1.0, 1.0, 1.0, 0.0]
[19950105.0, 19950311.0, 1.0, 1.0, 1.0, 1.0]
[19950112.0, 19950311.0, 0.0, 1.0, 1.0, 1.0]
[19950122.0, 19950311.0, 0.0, 0.0, 1.0, 1.0]
[19950206.0, 19950311.0, 0.0, 0.0, 0.0, 1.0]
[19950314.0, 19950311.0, 0.0, 0.0, 0.0, 0.0]
[19950207.0, 19950311.0, 0.0, 0.0, 1.0, 0.0]
[19950121.0, 19950311.0, 0.0, 1.0, 0.0, 1.0]
[19950206.0, 19950311.0, 0.0, 1.0, 0.0, 0.0]
[19950122.0, 19950311.0, 0.0, 1.0, 1.0, 0.0]
[19950112.0, 19950311.0, 1.0, 0.0, 1.0, 1.0]
[19950121.0, 19950311.0, 1.0, 0.0, 0.0, 1.0]
[19950206.0, 19950311.0, 1.0, 0.0, 0.0, 0.0]
[19950122.0, 19950311.0, 1.0, 0.0, 1.0, 0.0]
[19950112.0, 19950311.0, 1.0, 1.0, 0.0, 1.0]
[19950121.0, 19950311.0, 1.0, 1.0, 0.0, 0.0]
[19950112.0, 19950311.0, 1.0, 1.0, 1.0, 0.0]
[19950203.0, 19950307.0, 0.0, 0.0, 1.0, 0.0]
[19950104.0, 19950310.0, 1.0, 1.0, 1.0, 1.0]
[19950111.0, 19950310.0, 0.0, 1.0, 1.0, 1.0]
[19950121.0, 19950310.0, 0.0, 0.0, 1.0, 1.0]
[19950205.0, 19950310.0, 0.0, 0.0, 0.0, 1.0]
[19950313.0, 19950310.0, 0.0, 0.0, 0.0, 0.0]
[19950206.0, 19950310.0, 0.0, 0.0, 1.0, 0.0]
[19950120.0, 19950310.0, 0.0, 1.0, 0.0, 1.0]
[19950205.0, 19950310.0, 0.0, 1.0, 0.0, 0.0]
[19950121.0, 19950310.0, 0.0, 1.0, 1.0, 0.0]
[19950111.0, 19950310.0, 1.0, 0.0, 1.0, 1.0]
[19950120.0, 19950310.0, 1.0, 0.0, 0.0, 1.0]
[19950205.0, 19950310.0, 1.0, 0.0, 0.0, 0.0]
[19950121.0, 19950310.0, 1.0, 0.0, 1.0, 0.0]
[19950111.0, 19950310.0, 1.0, 1.0, 0.0, 1.0]
[19950120.0, 19950310.0, 1.0, 1.0, 0.0, 0.0]
[19950111.0, 19950310.0, 1.0, 1.0, 1.0, 0.0]
[19950117.0, 19950307.0, 0.0, 1.0, 0.0, 1.0]
[19950202.0, 19950307.0, 0.0, 1.0, 0.0, 0.0]
[19950118.0, 19950307.0, 0.0, 1.0, 1.0, 0.0]
[19950103.0, 19950309.0, 1.0, 1.0, 1.0, 1.0]
[19950110.0, 19950309.0, 0.0, 1.0, 1.0, 1.0]
[19950120.0, 19950309.0, 0.0, 0.0, 1.0, 1.0]
[19950204.0, 19950309.0, 0.0, 0.0, 0.0, 1.0]
[19950312.0, 19950309.0, 0.0, 0.0, 0.0, 0.0]
[19950205.0, 19950309.0, 0.0, 0.0, 1.0, 0.0]
[19950119.0, 19950309.0, 0.0, 1.0, 0.0, 1.0]
[19950204.0, 19950309.0, 0.0, 1.0, 0.0, 0.0]
[19950120.0, 19950309.0, 0.0, 1.0, 1.0, 0.0]
[19950110.0, 19950309.0, 1.0, 0.0, 1.0, 1.0]
[19950119.0, 19950309.0, 1.0, 0.0, 0.0, 1.0]
[19950204.0, 19950309.0, 1.0, 0.0, 0.0, 0.0]
[19950120.0, 19950309.0, 1.0, 0.0, 1.0, 0.0]
[19950110.0, 19950309.0, 1.0, 1.0, 0.0, 1.0]
[19950119.0, 19950309.0, 1.0, 1.0, 0.0, 0.0]
[19950110.0, 19950309.0, 1.0, 1.0, 1.0, 0.0]
[19950108.0, 19950307.0, 1.0, 0.0, 1.0, 1.0]
[19950117.0, 19950307.0, 1.0, 0.0, 0.0, 1.0]
[19950202.0, 19950307.0, 1.0, 0.0, 0.0, 0.0]
[19950118.0, 19950307.0, 1.0, 0.0, 1.0, 0.0]
[19950108.0, 19950307.0, 1.0, 1.0, 0.0, 1.0]
[19950117.0, 19950307.0, 1.0, 1.0, 0.0, 0.0]
[19950108.0, 19950307.0, 1.0, 1.0, 1.0, 0.0]
[19950102.0, 19950308.0, 1.0, 1.0, 1.0, 1.0]
[19950109.0, 19950308.0, 0.0, 1.0, 1.0, 1.0]
[19950119.0, 19950308.0, 0.0, 0.0, 1.0, 1.0]
[19950203.0, 19950308.0, 0.0, 0.0, 0.0, 1.0]
[19950311.0, 19950308.0, 0.0, 0.0, 0.0, 0.0]
[19950204.0, 19950308.0, 0.0, 0.0, 1.0, 0.0]
[19950118.0, 19950308.0, 0.0, 1.0, 0.0, 1.0]
[19950203.0, 19950308.0, 0.0, 1.0, 0.0, 0.0]
[19950119.0, 19950308.0, 0.0, 1.0, 1.0, 0.0]
[19950109.0, 19950308.0, 1.0, 0.0, 1.0, 1.0]
[19950118.0, 19950308.0, 1.0, 0.0, 0.0, 1.0]
[19950203.0, 19950308.0, 1.0, 0.0, 0.0, 0.0]
[19950119.0, 19950308.0, 1.0, 0.0, 1.0, 0.0]
[19950109.0, 19950308.0, 1.0, 1.0, 0.0, 1.0]
[19950118.0, 19950308.0, 1.0, 1.0, 0.0, 0.0]
[19950109.0, 19950308.0, 1.0, 1.0, 1.0, 0.0]
[19950107.0, 19950306.0, 0.0, 1.0, 1.0, 1.0]
[19950117.0, 19950306.0, 0.0, 0.0, 1.0, 1.0]
[19950201.0, 19950306.0, 0.0, 0.0, 0.0, 1.0]
[19950309.0, 19950306.0, 0.0, 0.0, 0.0, 0.0]
[19950202.0, 19950306.0, 0.0, 0.0, 1.0, 0.0]
[19950116.0, 19950306.0, 0.0, 1.0, 0.0, 1.0]
[19950201.0, 19950306.0, 0.0, 1.0, 0.0, 0.0]
[19950117.0, 19950306.0, 0.0, 1.0, 1.0, 0.0]
[19950107.0, 19950306.0, 1.0, 0.0, 1.0, 1.0]
[19950116.0, 19950306.0, 1.0, 0.0, 0.0, 1.0]
[19950201.0, 19950306.0, 1.0, 0.0, 0.0, 0.0]
[19950117.0, 19950306.0, 1.0, 0.0, 1.0, 0.0]
[19950107.0, 19950306.0, 1.0, 1.0, 0.0, 1.0]
[19950116.0, 19950306.0, 1.0, 1.0, 0.0, 0.0]
[19950107.0, 19950306.0, 1.0, 1.0, 1.0, 0.0]
[19941217, 19950117.0, 0.0, 0.0, 1.0, 0.0]
[19941231.0, 19950305.0, 1.0, 1.0, 1.0, 1.0]
[19950106.0, 19950305.0, 0.0, 1.0, 1.0, 1.0]
[19950116.0, 19950305.0, 0.0, 0.0, 1.0, 1.0]
[19950131.0, 19950305.0, 0.0, 0.0, 0.0, 1.0]
[19950308.0, 19950305.0, 0.0, 0.0, 0.0, 0.0]
[19950201.0, 19950305.0, 0.0, 0.0, 1.0, 0.0]
[19950115.0, 19950305.0, 0.0, 1.0, 0.0, 1.0]
[19950131.0, 19950305.0, 0.0, 1.0, 0.0, 0.0]
[19950116.0, 19950305.0, 0.0, 1.0, 1.0, 0.0]
[19950106.0, 19950305.0, 1.0, 0.0, 1.0, 1.0]
[19950115.0, 19950305.0, 1.0, 0.0, 0.0, 1.0]
[19950131.0, 19950305.0, 1.0, 0.0, 0.0, 0.0]
[19950116.0, 19950305.0, 1.0, 0.0, 1.0, 0.0]
[19950106.0, 19950305.0, 1.0, 1.0, 0.0, 1.0]
[19950115.0, 19950305.0, 1.0, 1.0, 0.0, 0.0]
[19950106.0, 19950305.0, 1.0, 1.0, 1.0, 0.0]
[19941217, 19950204.0, 0.0, 1.0, 0.0, 1.0]
[19941217, 19950119.0, 0.0, 1.0, 0.0, 0.0]
[19941217, 19950203.0, 0.0, 1.0, 1.0, 0.0]
[19941215, 19950217.0, 1.0, 1.0, 1.0, 1.0]
[19941215, 19950211.0, 0.0, 1.0, 1.0, 1.0]
[19941215, 19950131.0, 0.0, 0.0, 1.0, 1.0]
[19941215, 19950116.0, 0.0, 0.0, 0.0, 1.0]
[19941215, 19941211.0, 0.0, 0.0, 0.0, 0.0]
[19941215, 19950115.0, 0.0, 0.0, 1.0, 0.0]
[19941215, 19950201.0, 0.0, 1.0, 0.0, 1.0]
[19941215, 19950117.0, 0.0, 1.0, 0.0, 0.0]
[19941215, 19950201.0, 0.0, 1.0, 1.0, 0.0]
[19941215, 19950210.0, 1.0, 0.0, 1.0, 1.0]
[19941215, 19950201.0, 1.0, 0.0, 0.0, 1.0]
[19941215, 19950117.0, 1.0, 0.0, 0.0, 0.0]
[19941215, 19950201.0, 1.0, 0.0, 1.0, 0.0]
[19941215, 19950211.0, 1.0, 1.0, 0.0, 1.0]
[19941215, 19950202.0, 1.0, 1.0, 0.0, 0.0]
[19941215, 19950211.0, 1.0, 1.0, 1.0, 0.0]
[19941217, 19950212.0, 1.0, 0.0, 1.0, 1.0]
[19941217, 19950203.0, 1.0, 0.0, 0.0, 1.0]
[19941217, 19950119.0, 1.0, 0.0, 0.0, 0.0]
[19941217, 19950203.0, 1.0, 0.0, 1.0, 0.0]
[19941217, 19950213.0, 1.0, 1.0, 0.0, 1.0]
[19941217, 19950204.0, 1.0, 1.0, 0.0, 0.0]
[19941217, 19950213.0, 1.0, 1.0, 1.0, 0.0]
[19941216, 19950218.0, 1.0, 1.0, 1.0, 1.0]
[19941216, 19950212.0, 0.0, 1.0, 1.0, 1.0]
[19941216, 19950201.0, 0.0, 0.0, 1.0, 1.0]
[19941216, 19950117.0, 0.0, 0.0, 0.0, 1.0]
[19941216, 19941212.0, 0.0, 0.0, 0.0, 0.0]
[19941216, 19950116.0, 0.0, 0.0, 1.0, 0.0]
[19941216, 19950203.0, 0.0, 1.0, 0.0, 1.0]
[19941216, 19950118.0, 0.0, 1.0, 0.0, 0.0]
[19941216, 19950202.0, 0.0, 1.0, 1.0, 0.0]
[19941216, 19950211.0, 1.0, 0.0, 1.0, 1.0]
[19941216, 19950202.0, 1.0, 0.0, 0.0, 1.0]
[19941216, 19950118.0, 1.0, 0.0, 0.0, 0.0]
[19941216, 19950202.0, 1.0, 0.0, 1.0, 0.0]
[19941216, 19950212.0, 1.0, 1.0, 0.0, 1.0]
[19941216, 19950203.0, 1.0, 1.0, 0.0, 0.0]
[19941216, 19950212.0, 1.0, 1.0, 1.0, 0.0]
[19941218, 19950220.0, 1.0, 1.0, 1.0, 1.0]
[19941218, 19950214.0, 0.0, 1.0, 1.0, 1.0]
[19941218, 19950203.0, 0.0, 0.0, 1.0, 1.0]
[19941218, 19950119.0, 0.0, 0.0, 0.0, 1.0]
[19941218, 19941214.0, 0.0, 0.0, 0.0, 0.0]
[19941218, 19950118.0, 0.0, 0.0, 1.0, 0.0]
[19941218, 19950205.0, 0.0, 1.0, 0.0, 1.0]
[19941218, 19950120.0, 0.0, 1.0, 0.0, 0.0]
[19941218, 19950204.0, 0.0, 1.0, 1.0, 0.0]
[19941218, 19950213.0, 1.0, 0.0, 1.0, 1.0]
[19941218, 19950204.0, 1.0, 0.0, 0.0, 1.0]
[19941218, 19950120.0, 1.0, 0.0, 0.0, 0.0]
[19941218, 19950204.0, 1.0, 0.0, 1.0, 0.0]
[19941218, 19950214.0, 1.0, 1.0, 0.0, 1.0]
[19941218, 19950205.0, 1.0, 1.0, 0.0, 0.0]
[19941218, 19950214.0, 1.0, 1.0, 1.0, 0.0]
[19941222, 19950122.0, 0.0, 0.0, 1.0, 0.0]
[19941219, 19950221.0, 1.0, 1.0, 1.0, 1.0]
[19941219, 19950215.0, 0.0, 1.0, 1.0, 1.0]
[19941219, 19950205.0, 0.0, 0.0, 1.0, 1.0]
[19941219, 19950121.0, 0.0, 0.0, 0.0, 1.0]
[19941219, 19941215.0, 0.0, 0.0, 0.0, 0.0]
[19941219, 19950119.0, 0.0, 0.0, 1.0, 0.0]
[19941219, 19950206.0, 0.0, 1.0, 0.0, 1.0]
[19941219, 19950121.0, 0.0, 1.0, 0.0, 0.0]
[19941219, 19950205.0, 0.0, 1.0, 1.0, 0.0]
[19941219, 19950215.0, 1.0, 0.0, 1.0, 1.0]
[19941219, 19950206.0, 1.0, 0.0, 0.0, 1.0]
[19941219, 19950121.0, 1.0, 0.0, 0.0, 0.0]
[19941219, 19950205.0, 1.0, 0.0, 1.0, 0.0]
[19941219, 19950215.0, 1.0, 1.0, 0.0, 1.0]
[19941219, 19950206.0, 1.0, 1.0, 0.0, 0.0]
[19941219, 19950215.0, 1.0, 1.0, 1.0, 0.0]
[19941222, 19950209.0, 0.0, 1.0, 0.0, 1.0]
[19941222, 19950124.0, 0.0, 1.0, 0.0, 0.0]
[19941222, 19950208.0, 0.0, 1.0, 1.0, 0.0]
[19941220, 19950222.0, 1.0, 1.0, 1.0, 1.0]
[19941220, 19950216.0, 0.0, 1.0, 1.0, 1.0]
[19941220, 19950206.0, 0.0, 0.0, 1.0, 1.0]
[19941220, 19950122.0, 0.0, 0.0, 0.0, 1.0]
[19941220, 19941217.0, 0.0, 0.0, 0.0, 0.0]
[19941220, 19950120.0, 0.0, 0.0, 1.0, 0.0]
[19941220, 19950207.0, 0.0, 1.0, 0.0, 1.0]
[19941220, 19950122.0, 0.0, 1.0, 0.0, 0.0]
[19941220, 19950206.0, 0.0, 1.0, 1.0, 0.0]
[19941220, 19950216.0, 1.0, 0.0, 1.0, 1.0]
[19941220, 19950207.0, 1.0, 0.0, 0.0, 1.0]
[19941220, 19950122.0, 1.0, 0.0, 0.0, 0.0]
[19941220, 19950206.0, 1.0, 0.0, 1.0, 0.0]
[19941220, 19950216.0, 1.0, 1.0, 0.0, 1.0]
[19941220, 19950207.0, 1.0, 1.0, 0.0, 0.0]
[19941220, 19950216.0, 1.0, 1.0, 1.0, 0.0]
[19941222, 19950218.0, 1.0, 0.0, 1.0, 1.0]
[19941222, 19950209.0, 1.0, 0.0, 0.0, 1.0]
[19941222, 19950124.0, 1.0, 0.0, 0.0, 0.0]
[19941222, 19950208.0, 1.0, 0.0, 1.0, 0.0]
[19941222, 19950218.0, 1.0, 1.0, 0.0, 1.0]
[19941222, 19950209.0, 1.0, 1.0, 0.0, 0.0]
[19941222, 19950218.0, 1.0, 1.0, 1.0, 0.0]
[19941221, 19950223.0, 1.0, 1.0, 1.0, 1.0]
[19941221, 19950217.0, 0.0, 1.0, 1.0, 1.0]
[19941221, 19950207.0, 0.0, 0.0, 1.0, 1.0]
[19941221, 19950123.0, 0.0, 0.0, 0.0, 1.0]
[19941221, 19941218.0, 0.0, 0.0, 0.0, 0.0]
[19941221, 19950121.0, 0.0, 0.0, 1.0, 0.0]
[19941221, 19950208.0, 0.0, 1.0, 0.0, 1.0]
[19941221, 19950123.0, 0.0, 1.0, 0.0, 0.0]
[19941221, 19950207.0, 0.0, 1.0, 1.0, 0.0]
[19941221, 19950217.0, 1.0, 0.0, 1.0, 1.0]
[19941221, 19950208.0, 1.0, 0.0, 0.0, 1.0]
[19941221, 19950123.0, 1.0, 0.0, 0.0, 0.0]
[19941221, 19950207.0, 1.0, 0.0, 1.0, 0.0]
[19941221, 19950217.0, 1.0, 1.0, 0.0, 1.0]
[19941221, 19950208.0, 1.0, 1.0, 0.0, 0.0]
[19941221, 19950217.0, 1.0, 1.0, 1.0, 0.0]
[19941223, 19950226.0, 1.0, 1.0, 1.0, 1.0]
[19941223, 19950219.0, 0.0, 1.0, 1.0, 1.0]
[19941223, 19950209.0, 0.0, 0.0, 1.0, 1.0]
[19941223, 19950125.0, 0.0, 0.0, 0.0, 1.0]
[19941223, 19941220.0, 0.0, 0.0, 0.0, 0.0]
[19941223, 19950123.0, 0.0, 0.0, 1.0, 0.0]
[19941223, 19950210.0, 0.0, 1.0, 0.0, 1.0]
[19941223, 19950125.0, 0.0, 1.0, 0.0, 0.0]
[19941223, 19950209.0, 0.0, 1.0, 1.0, 0.0]
[19941223, 19950219.0, 1.0, 0.0, 1.0, 1.0]
[19941223, 19950210.0, 1.0, 0.0, 0.0, 1.0]
[19941223, 19950125.0, 1.0, 0.0, 0.0, 0.0]
[19941223, 19950209.0, 1.0, 0.0, 1.0, 0.0]
[19941223, 19950219.0, 1.0, 1.0, 0.0, 1.0]
[19941223, 19950210.0, 1.0, 1.0, 0.0, 0.0]
[19941223, 19950219.0, 1.0, 1.0, 1.0, 0.0]
[19941227, 19950128.0, 0.0, 0.0, 1.0, 0.0]
[19941224, 19950227.0, 1.0, 1.0, 1.0, 1.0]
[19941224, 19950220.0, 0.0, 1.0, 1.0, 1.0]
[19941224, 19950210.0, 0.0, 0.0, 1.0, 1.0]
[19941224, 19950126.0, 0.0, 0.0, 0.0, 1.0]
[19941224, 19941221.0, 0.0, 0.0, 0.0, 0.0]
[19941224, 19950124.0, 0.0, 0.0, 1.0, 0.0]
[19941224, 19950211.0, 0.0, 1.0, 0.0, 1.0]
[19941224, 19950126.0, 0.0, 1.0, 0.0, 0.0]
[19941224, 19950210.0, 0.0, 1.0, 1.0, 0.0]
[19941224, 19950220.0, 1.0, 0.0, 1.0, 1.0]
[19941224, 19950211.0, 1.0, 0.0, 0.0, 1.0]
[19941224, 19950126.0, 1.0, 0.0, 0.0, 0.0]
[19941224, 19950210.0, 1.0, 0.0, 1.0, 0.0]
[19941224, 19950220.0, 1.0, 1.0, 0.0, 1.0]
[19941224, 19950211.0, 1.0, 1.0, 0.0, 0.0]
[19941224, 19950220.0, 1.0, 1.0, 1.0, 0.0]
[19941227, 19950214.0, 0.0, 1.0, 0.0, 1.0]
[19941227, 19950129.0, 0.0, 1.0, 0.0, 0.0]
[19941227, 19950213.0, 0.0, 1.0, 1.0, 0.0]
[19941225, 19950228.0, 1.0, 1.0, 1.0, 1.0]
[19941225, 19950221.0, 0.0, 1.0, 1.0, 1.0]
[19941225, 19950211.0, 0.0, 0.0, 1.0, 1.0]
[19941225, 19950127.0, 0.0, 0.0, 0.0, 1.0]
[19941225, 19941222.0, 0.0, 0.0, 0.0, 0.0]
[19941225, 19950125.0, 0.0, 0.0, 1.0, 0.0]
[19941225, 19950212.0, 0.0, 1.0, 0.0, 1.0]
[19941225, 19950127.0, 0.0, 1.0, 0.0, 0.0]
[19941225, 19950211.0, 0.0, 1.0, 1.0, 0.0]
[19941225, 19950221.0, 1.0, 0.0, 1.0, 1.0]
[19941225, 19950212.0, 1.0, 0.0, 0.0, 1.0]
[19941225, 19950127.0, 1.0, 0.0, 0.0, 0.0]
[19941225, 19950211.0, 1.0, 0.0, 1.0, 0.0]
[19941225, 19950221.0, 1.0, 1.0, 0.0, 1.0]
[19941225, 19950212.0, 1.0, 1.0, 0.0, 0.0]
[19941225, 19950221.0, 1.0, 1.0, 1.0, 0.0]
[19941227, 19950223.0, 1.0, 0.0, 1.0, 1.0]
[19941227, 19950214.0, 1.0, 0.0, 0.0, 1.0]
[19941227, 19950129.0, 1.0, 0.0, 0.0, 0.0]
[19941227, 19950213.0, 1.0, 0.0, 1.0, 0.0]
[19941227, 19950223.0, 1.0, 1.0, 0.0, 1.0]
[19941227, 19950214.0, 1.0, 1.0, 0.0, 0.0]
[19941227, 19950223.0, 1.0, 1.0, 1.0, 0.0]
[19941226, 19950301.0, 1.0, 1.0, 1.0, 1.0]
[19941226, 19950222.0, 0.0, 1.0, 1.0, 1.0]
[19941226, 19950212.0, 0.0, 0.0, 1.0, 1.0]
[19941226, 19950128.0, 0.0, 0.0, 0.0, 1.0]
[19941226, 19941223.0, 0.0, 0.0, 0.0, 0.0]
[19941226, 19950126.0, 0.0, 0.0, 1.0, 0.0]
[19941226, 19950213.0, 0.0, 1.0, 0.0, 1.0]
[19941226, 19950128.0, 0.0, 1.0, 0.0, 0.0]
[19941226, 19950212.0, 0.0, 1.0, 1.0, 0.0]
[19941226, 19950222.0, 1.0, 0.0, 1.0, 1.0]
[19941226, 19950213.0, 1.0, 0.0, 0.0, 1.0]
[19941226, 19950128.0, 1.0, 0.0, 0.0, 0.0]
[19941226, 19950212.0, 1.0, 0.0, 1.0, 0.0]
[19941226, 19950222.0, 1.0, 1.0, 0.0, 1.0]
[19941226, 19950213.0, 1.0, 1.0, 0.0, 0.0]
[19941226, 19950222.0, 1.0, 1.0, 1.0, 0.0]
[19941230.0, 19950304.0, 1.0, 1.0, 1.0, 1.0]
[19950105.0, 19950304.0, 0.0, 1.0, 1.0, 1.0]
[19950114.0, 19950304.0, 0.0, 0.0, 1.0, 1.0]
[19950130.0, 19950304.0, 0.0, 0.0, 0.0, 1.0]
[19950307.0, 19950304.0, 0.0, 0.0, 0.0, 0.0]
[19950131.0, 19950304.0, 0.0, 0.0, 1.0, 0.0]
[19950114.0, 19950304.0, 0.0, 1.0, 0.0, 1.0]
[19950130.0, 19950304.0, 0.0, 1.0, 0.0, 0.0]
[19950115.0, 19950304.0, 0.0, 1.0, 1.0, 0.0]
[19950105.0, 19950304.0, 1.0, 0.0, 1.0, 1.0]
[19950114.0, 19950304.0, 1.0, 0.0, 0.0, 1.0]
[19950130.0, 19950304.0, 1.0, 0.0, 0.0, 0.0]
[19950114.0, 19950304.0, 1.0, 0.0, 1.0, 0.0]
[19950105.0, 19950304.0, 1.0, 1.0, 0.0, 1.0]
[19950114.0, 19950304.0, 1.0, 1.0, 0.0, 0.0]
[19950105.0, 19950304.0, 1.0, 1.0, 1.0, 0.0]
[19941231.0, 19950227.0, 0.0, 1.0, 1.0, 1.0]
[19941230.0, 19950226.0, 0.0, 1.0, 1.0, 1.0]
[19941230.0, 19950216.0, 0.0, 0.0, 1.0, 1.0]
[19941230.0, 19950201.0, 0.0, 0.0, 0.0, 1.0]
[19941230.0, 19941227.0, 0.0, 0.0, 0.0, 0.0]
[19950103.0, 19950302.0, 0.0, 1.0, 1.0, 1.0]
[19950112.0, 19950302.0, 0.0, 0.0, 1.0, 1.0]
[19950128.0, 19950302.0, 0.0, 0.0, 0.0, 1.0]
[19950305.0, 19950302.0, 0.0, 0.0, 0.0, 0.0]
[19950129.0, 19950302.0, 0.0, 0.0, 1.0, 0.0]
[19950112.0, 19950302.0, 0.0, 1.0, 0.0, 1.0]
[19950128.0, 19950302.0, 0.0, 1.0, 0.0, 0.0]
[19950113.0, 19950302.0, 0.0, 1.0, 1.0, 0.0]
[19950104.0, 19950303.0, 0.0, 1.0, 1.0, 1.0]
[19950129.0, 19950303.0, 0.0, 0.0, 0.0, 1.0]
[19950306.0, 19950303.0, 0.0, 0.0, 0.0, 0.0]
[19950130.0, 19950303.0, 0.0, 0.0, 1.0, 0.0]
[19950113.0, 19950303.0, 0.0, 1.0, 0.0, 1.0]
[19950129.0, 19950303.0, 0.0, 1.0, 0.0, 0.0]
[19950114.0, 19950303.0, 0.0, 1.0, 1.0, 0.0]
[19950102.0, 19950301.0, 0.0, 1.0, 1.0, 1.0]
[19950111.0, 19950301.0, 0.0, 0.0, 1.0, 1.0]
[19950127.0, 19950301.0, 0.0, 0.0, 0.0, 1.0]
[19950304.0, 19950301.0, 0.0, 0.0, 0.0, 0.0]
[19950128.0, 19950301.0, 0.0, 0.0, 1.0, 0.0]
[19950111.0, 19950301.0, 0.0, 1.0, 0.0, 1.0]
[19950127.0, 19950301.0, 0.0, 1.0, 0.0, 0.0]
[19950111.0, 19950301.0, 0.0, 1.0, 1.0, 0.0]
[19941230.0, 19950130.0, 0.0, 0.0, 1.0, 0.0]
[19941228.0, 19950224.0, 0.0, 1.0, 1.0, 1.0]
[19941228.0, 19950214.0, 0.0, 0.0, 1.0, 1.0]
[19941228.0, 19950130.0, 0.0, 0.0, 0.0, 1.0]
[19941228.0, 19941225.0, 0.0, 0.0, 0.0, 0.0]
[19941228.0, 19950215.0, 0.0, 1.0, 0.0, 1.0]
[19941228.0, 19950130.0, 0.0, 1.0, 0.0, 0.0]
[19941228.0, 19950214.0, 0.0, 1.0, 1.0, 0.0]
[19941230.0, 19950217.0, 0.0, 1.0, 0.0, 1.0]
[19941230.0, 19950201.0, 0.0, 1.0, 0.0, 0.0]
[19941230.0, 19950216.0, 0.0, 1.0, 1.0, 0.0]
[19941229.0, 19950225.0, 0.0, 1.0, 1.0, 1.0]
[19941229.0, 19950215.0, 0.0, 0.0, 1.0, 1.0]
[19941229.0, 19950131.0, 0.0, 0.0, 0.0, 1.0]
[19941229.0, 19941226.0, 0.0, 0.0, 0.0, 0.0]
[19941229.0, 19950129.0, 0.0, 0.0, 1.0, 0.0]
[19941229.0, 19950216.0, 0.0, 1.0, 0.0, 1.0]
[19941229.0, 19950131.0, 0.0, 1.0, 0.0, 0.0]
[19941229.0, 19950215.0, 0.0, 1.0, 1.0, 0.0]
[19950101.0, 19950228.0, 0.0, 1.0, 1.0, 1.0]
[19950110.0, 19950228.0, 0.0, 0.0, 1.0, 1.0]
[19950126.0, 19950228.0, 0.0, 0.0, 0.0, 1.0]
[19950303.0, 19950228.0, 0.0, 0.0, 0.0, 0.0]
[19950127.0, 19950228.0, 0.0, 0.0, 1.0, 0.0]
[19950110.0, 19950228.0, 0.0, 1.0, 0.0, 1.0]
[19950126.0, 19950228.0, 0.0, 1.0, 0.0, 0.0]
[19950105.0, 19950222.0, 0.0, 0.0, 1.0, 1.0]
[19950104.0, 19950221.0, 0.0, 0.0, 1.0, 1.0]
[19950104.0, 19950206.0, 0.0, 0.0, 0.0, 1.0]
[19950104.0, 19950101.0, 0.0, 0.0, 0.0, 0.0]
[19950101.0, 19950218.0, 0.0, 0.0, 1.0, 1.0]
[19950101.0, 19950203.0, 0.0, 0.0, 0.0, 1.0]
[19950101.0, 19941229.0, 0.0, 0.0, 0.0, 0.0]
[19950107.0, 19950225.0, 0.0, 0.0, 1.0, 1.0]
[19950123.0, 19950225.0, 0.0, 0.0, 0.0, 1.0]
[19950228.0, 19950225.0, 0.0, 0.0, 0.0, 0.0]
[19950109.0, 19950227.0, 0.0, 0.0, 1.0, 1.0]
[19950125.0, 19950227.0, 0.0, 0.0, 0.0, 1.0]
[19950302.0, 19950227.0, 0.0, 0.0, 0.0, 0.0]
[19950126.0, 19950227.0, 0.0, 0.0, 1.0, 0.0]
[19950124.0, 19950225.0, 0.0, 0.0, 1.0, 0.0]
[19950108.0, 19950226.0, 0.0, 0.0, 1.0, 1.0]
[19950124.0, 19950226.0, 0.0, 0.0, 0.0, 1.0]
[19950301.0, 19950226.0, 0.0, 0.0, 0.0, 0.0]
[19950125.0, 19950226.0, 0.0, 0.0, 1.0, 0.0]
[19950106.0, 19950224.0, 0.0, 0.0, 1.0, 1.0]
[19950122.0, 19950224.0, 0.0, 0.0, 0.0, 1.0]
[19950227.0, 19950224.0, 0.0, 0.0, 0.0, 0.0]
[19950123.0, 19950224.0, 0.0, 0.0, 1.0, 0.0]
[19950101.0, 19950201.0, 0.0, 0.0, 1.0, 0.0]
[19941231.0, 19950217.0, 0.0, 0.0, 1.0, 1.0]
[19941231.0, 19950202.0, 0.0, 0.0, 0.0, 1.0]
[19941231.0, 19941228.0, 0.0, 0.0, 0.0, 0.0]
[19941231.0, 19950131.0, 0.0, 0.0, 1.0, 0.0]
[19950102.0, 19950219.0, 0.0, 0.0, 1.0, 1.0]
[19950102.0, 19950204.0, 0.0, 0.0, 0.0, 1.0]
[19950102.0, 19941230.0, 0.0, 0.0, 0.0, 0.0]
[19950102.0, 19950203.0, 0.0, 0.0, 1.0, 0.0]
[19950104.0, 19950205.0, 0.0, 0.0, 1.0, 0.0]
[19950103.0, 19950220.0, 0.0, 0.0, 1.0, 1.0]
[19950103.0, 19950205.0, 0.0, 0.0, 0.0, 1.0]
[19950103.0, 19941231.0, 0.0, 0.0, 0.0, 0.0]
[19950103.0, 19950204.0, 0.0, 0.0, 1.0, 0.0]
[19950121.0, 19950223.0, 0.0, 0.0, 0.0, 1.0]
[19950226.0, 19950223.0, 0.0, 0.0, 0.0, 0.0]
[19950122.0, 19950223.0, 0.0, 0.0, 1.0, 0.0]
[19950112.0, 19950214.0, 0.0, 0.0, 0.0, 1.0]
[19950111.0, 19950213.0, 0.0, 0.0, 0.0, 1.0]
[19950111.0, 19950108.0, 0.0, 0.0, 0.0, 0.0]
[19950109.0, 19950211.0, 0.0, 0.0, 0.0, 1.0]
[19950109.0, 19950106.0, 0.0, 0.0, 0.0, 0.0]
[19950107.0, 19950209.0, 0.0, 0.0, 0.0, 1.0]
[19950107.0, 19950104.0, 0.0, 0.0, 0.0, 0.0]
[19950105.0, 19950207.0, 0.0, 0.0, 0.0, 1.0]
[19950105.0, 19950102.0, 0.0, 0.0, 0.0, 0.0]
[19950115.0, 19950217.0, 0.0, 0.0, 0.0, 1.0]
[19950220.0, 19950217.0, 0.0, 0.0, 0.0, 0.0]
[19950117.0, 19950219.0, 0.0, 0.0, 0.0, 1.0]
[19950222.0, 19950219.0, 0.0, 0.0, 0.0, 0.0]
[19950119.0, 19950221.0, 0.0, 0.0, 0.0, 1.0]
[19950224.0, 19950221.0, 0.0, 0.0, 0.0, 0.0]
[19950120.0, 19950222.0, 0.0, 0.0, 0.0, 1.0]
[19950225.0, 19950222.0, 0.0, 0.0, 0.0, 0.0]
[19950118.0, 19950220.0, 0.0, 0.0, 0.0, 1.0]
[19950223.0, 19950220.0, 0.0, 0.0, 0.0, 0.0]
[19950116.0, 19950218.0, 0.0, 0.0, 0.0, 1.0]
[19950221.0, 19950218.0, 0.0, 0.0, 0.0, 0.0]
[19950114.0, 19950216.0, 0.0, 0.0, 0.0, 1.0]
[19950219.0, 19950216.0, 0.0, 0.0, 0.0, 0.0]
[19950106.0, 19950208.0, 0.0, 0.0, 0.0, 1.0]
[19950106.0, 19950103.0, 0.0, 0.0, 0.0, 0.0]
[19950108.0, 19950210.0, 0.0, 0.0, 0.0, 1.0]
[19950108.0, 19950105.0, 0.0, 0.0, 0.0, 0.0]
[19950110.0, 19950212.0, 0.0, 0.0, 0.0, 1.0]
[19950110.0, 19950107.0, 0.0, 0.0, 0.0, 0.0]
[19950113.0, 19950215.0, 0.0, 0.0, 0.0, 1.0]
[19950218.0, 19950215.0, 0.0, 0.0, 0.0, 0.0]
[19950130.0, 19950127.0, 0.0, 0.0, 0.0, 0.0]
[19950129.0, 19950126.0, 0.0, 0.0, 0.0, 0.0]
[19950128.0, 19950125.0, 0.0, 0.0, 0.0, 0.0]
[19950127.0, 19950124.0, 0.0, 0.0, 0.0, 0.0]
[19950126.0, 19950123.0, 0.0, 0.0, 0.0, 0.0]
[19950125.0, 19950122.0, 0.0, 0.0, 0.0, 0.0]
[19950124.0, 19950121.0, 0.0, 0.0, 0.0, 0.0]
[19950123.0, 19950120.0, 0.0, 0.0, 0.0, 0.0]
[19950122.0, 19950119.0, 0.0, 0.0, 0.0, 0.0]
[19950121.0, 19950118.0, 0.0, 0.0, 0.0, 0.0]
[19950120.0, 19950117.0, 0.0, 0.0, 0.0, 0.0]
[19950119.0, 19950116.0, 0.0, 0.0, 0.0, 0.0]
[19950118.0, 19950115.0, 0.0, 0.0, 0.0, 0.0]
[19950117.0, 19950114.0, 0.0, 0.0, 0.0, 0.0]
[19950116.0, 19950113.0, 0.0, 0.0, 0.0, 0.0]
[19950115.0, 19950112.0, 0.0, 0.0, 0.0, 0.0]
[19950114.0, 19950111.0, 0.0, 0.0, 0.0, 0.0]
[19950113.0, 19950110.0, 0.0, 0.0, 0.0, 0.0]
[19950112.0, 19950109.0, 0.0, 0.0, 0.0, 0.0]
[19950201.0, 19950129.0, 0.0, 0.0, 0.0, 0.0]
[19950202.0, 19950130.0, 0.0, 0.0, 0.0, 0.0]
[19950203.0, 19950131.0, 0.0, 0.0, 0.0, 0.0]
[19950204.0, 19950201.0, 0.0, 0.0, 0.0, 0.0]
[19950205.0, 19950202.0, 0.0, 0.0, 0.0, 0.0]
[19950206.0, 19950203.0, 0.0, 0.0, 0.0, 0.0]
[19950207.0, 19950204.0, 0.0, 0.0, 0.0, 0.0]
[19950208.0, 19950205.0, 0.0, 0.0, 0.0, 0.0]
[19950209.0, 19950206.0, 0.0, 0.0, 0.0, 0.0]
[19950210.0, 19950207.0, 0.0, 0.0, 0.0, 0.0]
[19950211.0, 19950208.0, 0.0, 0.0, 0.0, 0.0]
[19950212.0, 19950209.0, 0.0, 0.0, 0.0, 0.0]
[19950213.0, 19950210.0, 0.0, 0.0, 0.0, 0.0]
[19950214.0, 19950211.0, 0.0, 0.0, 0.0, 0.0]
[19950215.0, 19950212.0, 0.0, 0.0, 0.0, 0.0]
[19950216.0, 19950213.0, 0.0, 0.0, 0.0, 0.0]
[19950217.0, 19950214.0, 0.0, 0.0, 0.0, 0.0]
[19950131.0, 19950128.0, 0.0, 0.0, 0.0, 0.0]
[19950113.0, 19950214.0, 0.0, 0.0, 1.0, 0.0]
[19950112.0, 19950213.0, 0.0, 0.0, 1.0, 0.0]
[19950111.0, 19950212.0, 0.0, 0.0, 1.0, 0.0]
[19950110.0, 19950211.0, 0.0, 0.0, 1.0, 0.0]
[19950109.0, 19950210.0, 0.0, 0.0, 1.0, 0.0]
[19950108.0, 19950209.0, 0.0, 0.0, 1.0, 0.0]
[19950107.0, 19950208.0, 0.0, 0.0, 1.0, 0.0]
[19950106.0, 19950207.0, 0.0, 0.0, 1.0, 0.0]
[19950105.0, 19950206.0, 0.0, 0.0, 1.0, 0.0]
[19950115.0, 19950216.0, 0.0, 0.0, 1.0, 0.0]
[19950116.0, 19950217.0, 0.0, 0.0, 1.0, 0.0]
[19950117.0, 19950218.0, 0.0, 0.0, 1.0, 0.0]
[19950118.0, 19950219.0, 0.0, 0.0, 1.0, 0.0]
[19950119.0, 19950220.0, 0.0, 0.0, 1.0, 0.0]
[19950120.0, 19950221.0, 0.0, 0.0, 1.0, 0.0]
[19950121.0, 19950222.0, 0.0, 0.0, 1.0, 0.0]
[19950114.0, 19950215.0, 0.0, 0.0, 1.0, 0.0]
[19950104.0, 19950222.0, 0.0, 1.0, 0.0, 1.0]
[19950103.0, 19950221.0, 0.0, 1.0, 0.0, 1.0]
[19950103.0, 19950205.0, 0.0, 1.0, 0.0, 0.0]
[19950101.0, 19950219.0, 0.0, 1.0, 0.0, 1.0]
[19950101.0, 19950203.0, 0.0, 1.0, 0.0, 0.0]
[19950106.0, 19950224.0, 0.0, 1.0, 0.0, 1.0]
[19950122.0, 19950224.0, 0.0, 1.0, 0.0, 0.0]
[19950108.0, 19950226.0, 0.0, 1.0, 0.0, 1.0]
[19950124.0, 19950226.0, 0.0, 1.0, 0.0, 0.0]
[19950109.0, 19950227.0, 0.0, 1.0, 0.0, 1.0]
[19950125.0, 19950227.0, 0.0, 1.0, 0.0, 0.0]
[19950107.0, 19950225.0, 0.0, 1.0, 0.0, 1.0]
[19950123.0, 19950225.0, 0.0, 1.0, 0.0, 0.0]
[19941231.0, 19950218.0, 0.0, 1.0, 0.0, 1.0]
[19950102.0, 19950220.0, 0.0, 1.0, 0.0, 1.0]
[19950102.0, 19950204.0, 0.0, 1.0, 0.0, 0.0]
[19950105.0, 19950223.0, 0.0, 1.0, 0.0, 1.0]
[19950121.0, 19950223.0, 0.0, 1.0, 0.0, 0.0]
[19950112.0, 19950214.0, 0.0, 1.0, 0.0, 0.0]
[19950111.0, 19950213.0, 0.0, 1.0, 0.0, 0.0]
[19950110.0, 19950212.0, 0.0, 1.0, 0.0, 0.0]
[19950109.0, 19950210.0, 0.0, 1.0, 0.0, 0.0]
[19950108.0, 19950209.0, 0.0, 1.0, 0.0, 0.0]
[19950107.0, 19950208.0, 0.0, 1.0, 0.0, 0.0]
[19950106.0, 19950207.0, 0.0, 1.0, 0.0, 0.0]
[19950105.0, 19950206.0, 0.0, 1.0, 0.0, 0.0]
[19950114.0, 19950216.0, 0.0, 1.0, 0.0, 0.0]
[19950115.0, 19950217.0, 0.0, 1.0, 0.0, 0.0]
[19950116.0, 19950218.0, 0.0, 1.0, 0.0, 0.0]
[19950117.0, 19950219.0, 0.0, 1.0, 0.0, 0.0]
[19950118.0, 19950220.0, 0.0, 1.0, 0.0, 0.0]
[19950119.0, 19950221.0, 0.0, 1.0, 0.0, 0.0]
[19950120.0, 19950222.0, 0.0, 1.0, 0.0, 0.0]
[19950113.0, 19950215.0, 0.0, 1.0, 0.0, 0.0]
[19950105.0, 19950222.0, 0.0, 1.0, 1.0, 0.0]
[19950104.0, 19950221.0, 0.0, 1.0, 1.0, 0.0]
[19950103.0, 19950220.0, 0.0, 1.0, 1.0, 0.0]
[19950102.0, 19950219.0, 0.0, 1.0, 1.0, 0.0]
[19950101.0, 19950218.0, 0.0, 1.0, 1.0, 0.0]
[19941231.0, 19950217.0, 0.0, 1.0, 1.0, 0.0]
[19950107.0, 19950224.0, 0.0, 1.0, 1.0, 0.0]
[19950108.0, 19950225.0, 0.0, 1.0, 1.0, 0.0]
[19950109.0, 19950226.0, 0.0, 1.0, 1.0, 0.0]
[19950110.0, 19950227.0, 0.0, 1.0, 1.0, 0.0]
[19950106.0, 19950223.0, 0.0, 1.0, 1.0, 0.0]
[19941231.0, 19950227.0, 1.0, 0.0, 1.0, 1.0]
[19941230.0, 19950226.0, 1.0, 0.0, 1.0, 1.0]
[19941230.0, 19950217.0, 1.0, 0.0, 0.0, 1.0]
[19941230.0, 19950201.0, 1.0, 0.0, 0.0, 0.0]
[19950102.0, 19950301.0, 1.0, 0.0, 1.0, 1.0]
[19950111.0, 19950301.0, 1.0, 0.0, 0.0, 1.0]
[19950127.0, 19950301.0, 1.0, 0.0, 0.0, 0.0]
[19950104.0, 19950303.0, 1.0, 0.0, 1.0, 1.0]
[19950113.0, 19950303.0, 1.0, 0.0, 0.0, 1.0]
[19950129.0, 19950303.0, 1.0, 0.0, 0.0, 0.0]
[19950111.0, 19950301.0, 1.0, 0.0, 1.0, 0.0]
[19950103.0, 19950302.0, 1.0, 0.0, 1.0, 1.0]
[19950112.0, 19950302.0, 1.0, 0.0, 0.0, 1.0]
[19950128.0, 19950302.0, 1.0, 0.0, 0.0, 0.0]
[19950113.0, 19950302.0, 1.0, 0.0, 1.0, 0.0]
[19941228.0, 19950224.0, 1.0, 0.0, 1.0, 1.0]
[19941228.0, 19950215.0, 1.0, 0.0, 0.0, 1.0]
[19941228.0, 19950130.0, 1.0, 0.0, 0.0, 0.0]
[19941228.0, 19950214.0, 1.0, 0.0, 1.0, 0.0]
[19941230.0, 19950216.0, 1.0, 0.0, 1.0, 0.0]
[19941229.0, 19950225.0, 1.0, 0.0, 1.0, 1.0]
[19941229.0, 19950216.0, 1.0, 0.0, 0.0, 1.0]
[19941229.0, 19950131.0, 1.0, 0.0, 0.0, 0.0]
[19941229.0, 19950215.0, 1.0, 0.0, 1.0, 0.0]
[19950101.0, 19950228.0, 1.0, 0.0, 1.0, 1.0]
[19950110.0, 19950228.0, 1.0, 0.0, 0.0, 1.0]
[19950126.0, 19950228.0, 1.0, 0.0, 0.0, 0.0]
[19950110.0, 19950228.0, 1.0, 0.0, 1.0, 0.0]
[19950104.0, 19950222.0, 1.0, 0.0, 0.0, 1.0]
[19950103.0, 19950221.0, 1.0, 0.0, 0.0, 1.0]
[19950103.0, 19950205.0, 1.0, 0.0, 0.0, 0.0]
[19950101.0, 19950219.0, 1.0, 0.0, 0.0, 1.0]
[19950101.0, 19950203.0, 1.0, 0.0, 0.0, 0.0]
[19950106.0, 19950224.0, 1.0, 0.0, 0.0, 1.0]
[19950122.0, 19950224.0, 1.0, 0.0, 0.0, 0.0]
[19950108.0, 19950226.0, 1.0, 0.0, 0.0, 1.0]
[19950124.0, 19950226.0, 1.0, 0.0, 0.0, 0.0]
[19950109.0, 19950227.0, 1.0, 0.0, 0.0, 1.0]
[19950125.0, 19950227.0, 1.0, 0.0, 0.0, 0.0]
[19950107.0, 19950225.0, 1.0, 0.0, 0.0, 1.0]
[19950123.0, 19950225.0, 1.0, 0.0, 0.0, 0.0]
[19941231.0, 19950218.0, 1.0, 0.0, 0.0, 1.0]
[19941231.0, 19950202.0, 1.0, 0.0, 0.0, 0.0]
[19950102.0, 19950220.0, 1.0, 0.0, 0.0, 1.0]
[19950102.0, 19950204.0, 1.0, 0.0, 0.0, 0.0]
[19950105.0, 19950223.0, 1.0, 0.0, 0.0, 1.0]
[19950121.0, 19950223.0, 1.0, 0.0, 0.0, 0.0]
[19950112.0, 19950214.0, 1.0, 0.0, 0.0, 0.0]
[19950111.0, 19950213.0, 1.0, 0.0, 0.0, 0.0]
[19950110.0, 19950212.0, 1.0, 0.0, 0.0, 0.0]
[19950109.0, 19950211.0, 1.0, 0.0, 0.0, 0.0]
[19950108.0, 19950210.0, 1.0, 0.0, 0.0, 0.0]
[19950107.0, 19950209.0, 1.0, 0.0, 0.0, 0.0]
[19950106.0, 19950208.0, 1.0, 0.0, 0.0, 0.0]
[19950105.0, 19950207.0, 1.0, 0.0, 0.0, 0.0]
[19950104.0, 19950206.0, 1.0, 0.0, 0.0, 0.0]
[19950114.0, 19950216.0, 1.0, 0.0, 0.0, 0.0]
[19950115.0, 19950217.0, 1.0, 0.0, 0.0, 0.0]
[19950116.0, 19950218.0, 1.0, 0.0, 0.0, 0.0]
[19950117.0, 19950219.0, 1.0, 0.0, 0.0, 0.0]
[19950118.0, 19950220.0, 1.0, 0.0, 0.0, 0.0]
[19950119.0, 19950221.0, 1.0, 0.0, 0.0, 0.0]
[19950120.0, 19950222.0, 1.0, 0.0, 0.0, 0.0]
[19950113.0, 19950215.0, 1.0, 0.0, 0.0, 0.0]
[19950105.0, 19950222.0, 1.0, 0.0, 1.0, 0.0]
[19950104.0, 19950221.0, 1.0, 0.0, 1.0, 0.0]
[19950103.0, 19950220.0, 1.0, 0.0, 1.0, 0.0]
[19950102.0, 19950219.0, 1.0, 0.0, 1.0, 0.0]
[19950101.0, 19950218.0, 1.0, 0.0, 1.0, 0.0]
[19941231.0, 19950217.0, 1.0, 0.0, 1.0, 0.0]
[19950107.0, 19950224.0, 1.0, 0.0, 1.0, 0.0]
[19950108.0, 19950225.0, 1.0, 0.0, 1.0, 0.0]
[19950109.0, 19950227.0, 1.0, 0.0, 1.0, 0.0]
[19950106.0, 19950223.0, 1.0, 0.0, 1.0, 0.0]
[19941231.0, 19950227.0, 1.0, 1.0, 0.0, 1.0]
[19941230.0, 19950226.0, 1.0, 1.0, 0.0, 1.0]
[19941230.0, 19950217.0, 1.0, 1.0, 0.0, 0.0]
[19941228.0, 19950224.0, 1.0, 1.0, 0.0, 1.0]
[19941228.0, 19950215.0, 1.0, 1.0, 0.0, 0.0]
[19950103.0, 19950302.0, 1.0, 1.0, 0.0, 1.0]
[19950112.0, 19950302.0, 1.0, 1.0, 0.0, 0.0]
[19950104.0, 19950303.0, 1.0, 1.0, 0.0, 1.0]
[19950113.0, 19950303.0, 1.0, 1.0, 0.0, 0.0]
[19950102.0, 19950301.0, 1.0, 1.0, 0.0, 1.0]
[19950111.0, 19950301.0, 1.0, 1.0, 0.0, 0.0]
[19941229.0, 19950225.0, 1.0, 1.0, 0.0, 1.0]
[19941229.0, 19950216.0, 1.0, 1.0, 0.0, 0.0]
[19950101.0, 19950228.0, 1.0, 1.0, 0.0, 1.0]
[19950110.0, 19950228.0, 1.0, 1.0, 0.0, 0.0]
[19950104.0, 19950222.0, 1.0, 1.0, 0.0, 0.0]
[19950103.0, 19950221.0, 1.0, 1.0, 0.0, 0.0]
[19950102.0, 19950220.0, 1.0, 1.0, 0.0, 0.0]
[19950101.0, 19950219.0, 1.0, 1.0, 0.0, 0.0]
[19941231.0, 19950218.0, 1.0, 1.0, 0.0, 0.0]
[19950106.0, 19950224.0, 1.0, 1.0, 0.0, 0.0]
[19950107.0, 19950225.0, 1.0, 1.0, 0.0, 0.0]
[19950108.0, 19950226.0, 1.0, 1.0, 0.0, 0.0]
[19950109.0, 19950227.0, 1.0, 1.0, 0.0, 0.0]
[19950105.0, 19950223.0, 1.0, 1.0, 0.0, 0.0]
[19941231.0, 19950227.0, 1.0, 1.0, 1.0, 0.0]
[19941230.0, 19950226.0, 1.0, 1.0, 1.0, 0.0]
[19941229.0, 19950225.0, 1.0, 1.0, 1.0, 0.0]
[19941228.0, 19950224.0, 1.0, 1.0, 1.0, 0.0]
[19950102.0, 19950301.0, 1.0, 1.0, 1.0, 0.0]
[19950103.0, 19950302.0, 1.0, 1.0, 1.0, 0.0]
[19950104.0, 19950303.0, 1.0, 1.0, 1.0, 0.0]
[19950101.0, 19950228.0, 1.0, 1.0, 1.0, 0.0]

2

[19950115, 19950317.0, 1.0, 1.0, 1.0, 1.0]
[19950116, 19950315.0, 0.0, 1.0, 1.0, 1.0]
[19950115, 19950314.0, 0.0, 1.0, 1.0, 1.0]
[19950115, 19950304.0, 0.0, 0.0, 1.0, 1.0]
[19950115, 19950217.0, 0.0, 0.0, 0.0, 1.0]
[19950115, 19950112.0, 0.0, 0.0, 0.0, 0.0]
[19950115, 19950216.0, 0.0, 0.0, 1.0, 0.0]
[19950115, 19950305.0, 0.0, 1.0, 0.0, 1.0]
[19950115, 19950217.0, 0.0, 1.0, 0.0, 0.0]
[19950115, 19950304.0, 0.0, 1.0, 1.0, 0.0]
[19950118.0, 19950317.0, 0.0, 1.0, 1.0, 1.0]
[19950127.0, 19950317.0, 0.0, 0.0, 1.0, 1.0]
[19950212.0, 19950317.0, 0.0, 0.0, 0.0, 1.0]
[19950321.0, 19950317.0, 0.0, 0.0, 0.0, 0.0]
[19950213.0, 19950317.0, 0.0, 0.0, 1.0, 0.0]
[19950127.0, 19950317.0, 0.0, 1.0, 0.0, 1.0]
[19950212.0, 19950317.0, 0.0, 1.0, 0.0, 0.0]
[19950127.0, 19950317.0, 0.0, 1.0, 1.0, 0.0]
[19950117.0, 19950316.0, 0.0, 1.0, 1.0, 1.0]
[19950126.0, 19950316.0, 0.0, 0.0, 1.0, 1.0]
[19950211.0, 19950316.0, 0.0, 0.0, 0.0, 1.0]
[19950320.0, 19950316.0, 0.0, 0.0, 0.0, 0.0]
[19950212.0, 19950316.0, 0.0, 0.0, 1.0, 0.0]
[19950126.0, 19950316.0, 0.0, 1.0, 0.0, 1.0]
[19950211.0, 19950316.0, 0.0, 1.0, 0.0, 0.0]
[19950126.0, 19950316.0, 0.0, 1.0, 1.0, 0.0]
[19950121.0, 19950310.0, 0.0, 0.0, 1.0, 1.0]
[19950120.0, 19950309.0, 0.0, 0.0, 1.0, 1.0]
[19950120.0, 19950222.0, 0.0, 0.0, 0.0, 1.0]
[19950120.0, 19950117.0, 0.0, 0.0, 0.0, 0.0]
[19950117.0, 19950306.0, 0.0, 0.0, 1.0, 1.0]
[19950117.0, 19950219.0, 0.0, 0.0, 0.0, 1.0]
[19950117.0, 19950114.0, 0.0, 0.0, 0.0, 0.0]
[19950124.0, 19950314.0, 0.0, 0.0, 1.0, 1.0]
[19950209.0, 19950314.0, 0.0, 0.0, 0.0, 1.0]
[19950318.0, 19950314.0, 0.0, 0.0, 0.0, 0.0]
[19950210.0, 19950314.0, 0.0, 0.0, 1.0, 0.0]
[19950125.0, 19950315.0, 0.0, 0.0, 1.0, 1.0]
[19950210.0, 19950315.0, 0.0, 0.0, 0.0, 1.0]
[19950319.0, 19950315.0, 0.0, 0.0, 0.0, 0.0]
[19950211.0, 19950315.0, 0.0, 0.0, 1.0, 0.0]
[19950123.0, 19950312.0, 0.0, 0.0, 1.0, 1.0]
[19950207.0, 19950312.0, 0.0, 0.0, 0.0, 1.0]
[19950315.0, 19950312.0, 0.0, 0.0, 0.0, 0.0]
[19950208.0, 19950312.0, 0.0, 0.0, 1.0, 0.0]
[19950117.0, 19950218.0, 0.0, 0.0, 1.0, 0.0]
[19950116.0, 19950305.0, 0.0, 0.0, 1.0, 1.0]
[19950116.0, 19950218.0, 0.0, 0.0, 0.0, 1.0]
[19950116.0, 19950113.0, 0.0, 0.0, 0.0, 0.0]
[19950116.0, 19950217.0, 0.0, 0.0, 1.0, 0.0]
[19950118.0, 19950307.0, 0.0, 0.0, 1.0, 1.0]
[19950118.0, 19950220.0, 0.0, 0.0, 0.0, 1.0]
[19950118.0, 19950115.0, 0.0, 0.0, 0.0, 0.0]
[19950118.0, 19950219.0, 0.0, 0.0, 1.0, 0.0]
[19950120.0, 19950221.0, 0.0, 0.0, 1.0, 0.0]
[19950119.0, 19950308.0, 0.0, 0.0, 1.0, 1.0]
[19950119.0, 19950221.0, 0.0, 0.0, 0.0, 1.0]
[19950119.0, 19950116.0, 0.0, 0.0, 0.0, 0.0]
[19950119.0, 19950220.0, 0.0, 0.0, 1.0, 0.0]
[19950122.0, 19950311.0, 0.0, 0.0, 1.0, 1.0]
[19950206.0, 19950311.0, 0.0, 0.0, 0.0, 1.0]
[19950314.0, 19950311.0, 0.0, 0.0, 0.0, 0.0]
[19950207.0, 19950311.0, 0.0, 0.0, 1.0, 0.0]
[19950128.0, 19950302.0, 0.0, 0.0, 0.0, 1.0]
[19950127.0, 19950301.0, 0.0, 0.0, 0.0, 1.0]
[19950127.0, 19950124.0, 0.0, 0.0, 0.0, 0.0]
[19950125.0, 19950227.0, 0.0, 0.0, 0.0, 1.0]
[19950125.0, 19950122.0, 0.0, 0.0, 0.0, 0.0]
[19950123.0, 19950225.0, 0.0, 0.0, 0.0, 1.0]
[19950123.0, 19950120.0, 0.0, 0.0, 0.0, 0.0]
[19950121.0, 19950223.0, 0.0, 0.0, 0.0, 1.0]
[19950121.0, 19950118.0, 0.0, 0.0, 0.0, 0.0]
[19950131.0, 19950305.0, 0.0, 0.0, 0.0, 1.0]
[19950308.0, 19950305.0, 0.0, 0.0, 0.0, 0.0]
[19950202.0, 19950307.0, 0.0, 0.0, 0.0, 1.0]
[19950310.0, 19950307.0, 0.0, 0.0, 0.0, 0.0]
[19950204.0, 19950309.0, 0.0, 0.0, 0.0, 1.0]
[19950312.0, 19950309.0, 0.0, 0.0, 0.0, 0.0]
[19950205.0, 19950310.0, 0.0, 0.0, 0.0, 1.0]
[19950313.0, 19950310.0, 0.0, 0.0, 0.0, 0.0]
[19950203.0, 19950308.0, 0.0, 0.0, 0.0, 1.0]
[19950311.0, 19950308.0, 0.0, 0.0, 0.0, 0.0]
[19950201.0, 19950306.0, 0.0, 0.0, 0.0, 1.0]
[19950309.0, 19950306.0, 0.0, 0.0, 0.0, 0.0]
[19950130.0, 19950304.0, 0.0, 0.0, 0.0, 1.0]
[19950307.0, 19950304.0, 0.0, 0.0, 0.0, 0.0]
[19950122.0, 19950224.0, 0.0, 0.0, 0.0, 1.0]
[19950122.0, 19950119.0, 0.0, 0.0, 0.0, 0.0]
[19950124.0, 19950226.0, 0.0, 0.0, 0.0, 1.0]
[19950124.0, 19950121.0, 0.0, 0.0, 0.0, 0.0]
[19950126.0, 19950228.0, 0.0, 0.0, 0.0, 1.0]
[19950126.0, 19950123.0, 0.0, 0.0, 0.0, 0.0]
[19950129.0, 19950303.0, 0.0, 0.0, 0.0, 1.0]
[19950306.0, 19950303.0, 0.0, 0.0, 0.0, 0.0]
[19950215.0, 19950212.0, 0.0, 0.0, 0.0, 0.0]
[19950214.0, 19950211.0, 0.0, 0.0, 0.0, 0.0]
[19950213.0, 19950210.0, 0.0, 0.0, 0.0, 0.0]
[19950212.0, 19950209.0, 0.0, 0.0, 0.0, 0.0]
[19950211.0, 19950208.0, 0.0, 0.0, 0.0, 0.0]
[19950210.0, 19950207.0, 0.0, 0.0, 0.0, 0.0]
[19950209.0, 19950206.0, 0.0, 0.0, 0.0, 0.0]
[19950208.0, 19950205.0, 0.0, 0.0, 0.0, 0.0]
[19950207.0, 19950204.0, 0.0, 0.0, 0.0, 0.0]
[19950206.0, 19950203.0, 0.0, 0.0, 0.0, 0.0]
[19950205.0, 19950202.0, 0.0, 0.0, 0.0, 0.0]
[19950204.0, 19950201.0, 0.0, 0.0, 0.0, 0.0]
[19950203.0, 19950131.0, 0.0, 0.0, 0.0, 0.0]
[19950202.0, 19950130.0, 0.0, 0.0, 0.0, 0.0]
[19950201.0, 19950129.0, 0.0, 0.0, 0.0, 0.0]
[19950131.0, 19950128.0, 0.0, 0.0, 0.0, 0.0]
[19950130.0, 19950127.0, 0.0, 0.0, 0.0, 0.0]
[19950129.0, 19950126.0, 0.0, 0.0, 0.0, 0.0]
[19950128.0, 19950125.0, 0.0, 0.0, 0.0, 0.0]
[19950217.0, 19950214.0, 0.0, 0.0, 0.0, 0.0]
[19950218.0, 19950215.0, 0.0, 0.0, 0.0, 0.0]
[19950219.0, 19950216.0, 0.0, 0.0, 0.0, 0.0]
[19950220.0, 19950217.0, 0.0, 0.0, 0.0, 0.0]
[19950221.0, 19950218.0, 0.0, 0.0, 0.0, 0.0]
[19950222.0, 19950219.0, 0.0, 0.0, 0.0, 0.0]
[19950223.0, 19950220.0, 0.0, 0.0, 0.0, 0.0]
[19950224.0, 19950221.0, 0.0, 0.0, 0.0, 0.0]
[19950225.0, 19950222.0, 0.0, 0.0, 0.0, 0.0]
[19950226.0, 19950223.0, 0.0, 0.0, 0.0, 0.0]
[19950227.0, 19950224.0, 0.0, 0.0, 0.0, 0.0]
[19950228.0, 19950225.0, 0.0, 0.0, 0.0, 0.0]
[19950301.0, 19950226.0, 0.0, 0.0, 0.0, 0.0]
[19950302.0, 19950227.0, 0.0, 0.0, 0.0, 0.0]
[19950303.0, 19950228.0, 0.0, 0.0, 0.0, 0.0]
[19950304.0, 19950301.0, 0.0, 0.0, 0.0, 0.0]
[19950305.0, 19950302.0, 0.0, 0.0, 0.0, 0.0]
[19950216.0, 19950213.0, 0.0, 0.0, 0.0, 0.0]
[19950129.0, 19950302.0, 0.0, 0.0, 1.0, 0.0]
[19950128.0, 19950301.0, 0.0, 0.0, 1.0, 0.0]
[19950127.0, 19950228.0, 0.0, 0.0, 1.0, 0.0]
[19950126.0, 19950227.0, 0.0, 0.0, 1.0, 0.0]
[19950125.0, 19950226.0, 0.0, 0.0, 1.0, 0.0]
[19950124.0, 19950225.0, 0.0, 0.0, 1.0, 0.0]
[19950123.0, 19950224.0, 0.0, 0.0, 1.0, 0.0]
[19950122.0, 19950223.0, 0.0, 0.0, 1.0, 0.0]
[19950121.0, 19950222.0, 0.0, 0.0, 1.0, 0.0]
[19950131.0, 19950304.0, 0.0, 0.0, 1.0, 0.0]
[19950201.0, 19950305.0, 0.0, 0.0, 1.0, 0.0]
[19950202.0, 19950306.0, 0.0, 0.0, 1.0, 0.0]
[19950203.0, 19950307.0, 0.0, 0.0, 1.0, 0.0]
[19950204.0, 19950308.0, 0.0, 0.0, 1.0, 0.0]
[19950205.0, 19950309.0, 0.0, 0.0, 1.0, 0.0]
[19950206.0, 19950310.0, 0.0, 0.0, 1.0, 0.0]
[19950130.0, 19950303.0, 0.0, 0.0, 1.0, 0.0]
[19950120.0, 19950310.0, 0.0, 1.0, 0.0, 1.0]
[19950119.0, 19950309.0, 0.0, 1.0, 0.0, 1.0]
[19950119.0, 19950221.0, 0.0, 1.0, 0.0, 0.0]
[19950117.0, 19950307.0, 0.0, 1.0, 0.0, 1.0]
[19950117.0, 19950219.0, 0.0, 1.0, 0.0, 0.0]
[19950122.0, 19950312.0, 0.0, 1.0, 0.0, 1.0]
[19950207.0, 19950312.0, 0.0, 1.0, 0.0, 0.0]
[19950124.0, 19950314.0, 0.0, 1.0, 0.0, 1.0]
[19950209.0, 19950314.0, 0.0, 1.0, 0.0, 0.0]
[19950125.0, 19950315.0, 0.0, 1.0, 0.0, 1.0]
[19950210.0, 19950315.0, 0.0, 1.0, 0.0, 0.0]
[19950123.0, 19950313.0, 0.0, 1.0, 0.0, 1.0]
[19950208.0, 19950313.0, 0.0, 1.0, 0.0, 0.0]
[19950116.0, 19950306.0, 0.0, 1.0, 0.0, 1.0]
[19950116.0, 19950218.0, 0.0, 1.0, 0.0, 0.0]
[19950118.0, 19950308.0, 0.0, 1.0, 0.0, 1.0]
[19950118.0, 19950220.0, 0.0, 1.0, 0.0, 0.0]
[19950121.0, 19950311.0, 0.0, 1.0, 0.0, 1.0]
[19950206.0, 19950311.0, 0.0, 1.0, 0.0, 0.0]
[19950128.0, 19950302.0, 0.0, 1.0, 0.0, 0.0]
[19950127.0, 19950301.0, 0.0, 1.0, 0.0, 0.0]
[19950126.0, 19950228.0, 0.0, 1.0, 0.0, 0.0]
[19950125.0, 19950227.0, 0.0, 1.0, 0.0, 0.0]
[19950124.0, 19950226.0, 0.0, 1.0, 0.0, 0.0]
[19950123.0, 19950225.0, 0.0, 1.0, 0.0, 0.0]
[19950122.0, 19950224.0, 0.0, 1.0, 0.0, 0.0]
[19950121.0, 19950223.0, 0.0, 1.0, 0.0, 0.0]
[19950120.0, 19950222.0, 0.0, 1.0, 0.0, 0.0]
[19950130.0, 19950304.0, 0.0, 1.0, 0.0, 0.0]
[19950131.0, 19950305.0, 0.0, 1.0, 0.0, 0.0]
[19950201.0, 19950306.0, 0.0, 1.0, 0.0, 0.0]
[19950202.0, 19950307.0, 0.0, 1.0, 0.0, 0.0]
[19950203.0, 19950308.0, 0.0, 1.0, 0.0, 0.0]
[19950204.0, 19950309.0, 0.0, 1.0, 0.0, 0.0]
[19950205.0, 19950310.0, 0.0, 1.0, 0.0, 0.0]
[19950129.0, 19950303.0, 0.0, 1.0, 0.0, 0.0]
[19950121.0, 19950310.0, 0.0, 1.0, 1.0, 0.0]
[19950120.0, 19950309.0, 0.0, 1.0, 1.0, 0.0]
[19950119.0, 19950308.0, 0.0, 1.0, 1.0, 0.0]
[19950118.0, 19950307.0, 0.0, 1.0, 1.0, 0.0]
[19950117.0, 19950306.0, 0.0, 1.0, 1.0, 0.0]
[19950116.0, 19950305.0, 0.0, 1.0, 1.0, 0.0]
[19950123.0, 19950312.0, 0.0, 1.0, 1.0, 0.0]
[19950124.0, 19950313.0, 0.0, 1.0, 1.0, 0.0]
[19950125.0, 19950314.0, 0.0, 1.0, 1.0, 0.0]
[19950122.0, 19950311.0, 0.0, 1.0, 1.0, 0.0]
[19950116, 19950315.0, 1.0, 0.0, 1.0, 1.0]
[19950115, 19950314.0, 1.0, 0.0, 1.0, 1.0]
[19950115, 19950305.0, 1.0, 0.0, 0.0, 1.0]
[19950115, 19950217.0, 1.0, 0.0, 0.0, 0.0]
[19950115, 19950304.0, 1.0, 0.0, 1.0, 0.0]
[19950118.0, 19950317.0, 1.0, 0.0, 1.0, 1.0]
[19950127.0, 19950317.0, 1.0, 0.0, 0.0, 1.0]
[19950212.0, 19950317.0, 1.0, 0.0, 0.0, 0.0]
[19950127.0, 19950317.0, 1.0, 0.0, 1.0, 0.0]
[19950117.0, 19950316.0, 1.0, 0.0, 1.0, 1.0]
[19950126.0, 19950316.0, 1.0, 0.0, 0.0, 1.0]
[19950211.0, 19950316.0, 1.0, 0.0, 0.0, 0.0]
[19950126.0, 19950316.0, 1.0, 0.0, 1.0, 0.0]
[19950120.0, 19950310.0, 1.0, 0.0, 0.0, 1.0]
[19950119.0, 19950309.0, 1.0, 0.0, 0.0, 1.0]
[19950119.0, 19950221.0, 1.0, 0.0, 0.0, 0.0]
[19950117.0, 19950307.0, 1.0, 0.0, 0.0, 1.0]
[19950117.0, 19950219.0, 1.0, 0.0, 0.0, 0.0]
[19950122.0, 19950312.0, 1.0, 0.0, 0.0, 1.0]
[19950207.0, 19950312.0, 1.0, 0.0, 0.0, 0.0]
[19950124.0, 19950314.0, 1.0, 0.0, 0.0, 1.0]
[19950209.0, 19950314.0, 1.0, 0.0, 0.0, 0.0]
[19950125.0, 19950315.0, 1.0, 0.0, 0.0, 1.0]
[19950210.0, 19950315.0, 1.0, 0.0, 0.0, 0.0]
[19950123.0, 19950313.0, 1.0, 0.0, 0.0, 1.0]
[19950208.0, 19950313.0, 1.0, 0.0, 0.0, 0.0]
[19950116.0, 19950306.0, 1.0, 0.0, 0.0, 1.0]
[19950116.0, 19950218.0, 1.0, 0.0, 0.0, 0.0]
[19950118.0, 19950308.0, 1.0, 0.0, 0.0, 1.0]
[19950118.0, 19950220.0, 1.0, 0.0, 0.0, 0.0]
[19950121.0, 19950311.0, 1.0, 0.0, 0.0, 1.0]
[19950206.0, 19950311.0, 1.0, 0.0, 0.0, 0.0]
[19950128.0, 19950302.0, 1.0, 0.0, 0.0, 0.0]
[19950127.0, 19950301.0, 1.0, 0.0, 0.0, 0.0]
[19950126.0, 19950228.0, 1.0, 0.0, 0.0, 0.0]
[19950125.0, 19950227.0, 1.0, 0.0, 0.0, 0.0]
[19950124.0, 19950226.0, 1.0, 0.0, 0.0, 0.0]
[19950123.0, 19950225.0, 1.0, 0.0, 0.0, 0.0]
[19950122.0, 19950224.0, 1.0, 0.0, 0.0, 0.0]
[19950121.0, 19950223.0, 1.0, 0.0, 0.0, 0.0]
[19950120.0, 19950222.0, 1.0, 0.0, 0.0, 0.0]
[19950130.0, 19950304.0, 1.0, 0.0, 0.0, 0.0]
[19950131.0, 19950305.0, 1.0, 0.0, 0.0, 0.0]
[19950201.0, 19950306.0, 1.0, 0.0, 0.0, 0.0]
[19950202.0, 19950307.0, 1.0, 0.0, 0.0, 0.0]
[19950203.0, 19950308.0, 1.0, 0.0, 0.0, 0.0]
[19950204.0, 19950309.0, 1.0, 0.0, 0.0, 0.0]
[19950205.0, 19950310.0, 1.0, 0.0, 0.0, 0.0]
[19950129.0, 19950303.0, 1.0, 0.0, 0.0, 0.0]
[19950121.0, 19950310.0, 1.0, 0.0, 1.0, 0.0]
[19950120.0, 19950309.0, 1.0, 0.0, 1.0, 0.0]
[19950119.0, 19950308.0, 1.0, 0.0, 1.0, 0.0]
[19950118.0, 19950307.0, 1.0, 0.0, 1.0, 0.0]
[19950117.0, 19950306.0, 1.0, 0.0, 1.0, 0.0]
[19950116.0, 19950305.0, 1.0, 0.0, 1.0, 0.0]
[19950123.0, 19950312.0, 1.0, 0.0, 1.0, 0.0]
[19950124.0, 19950313.0, 1.0, 0.0, 1.0, 0.0]
[19950125.0, 19950314.0, 1.0, 0.0, 1.0, 0.0]
[19950122.0, 19950311.0, 1.0, 0.0, 1.0, 0.0]
[19950116, 19950315.0, 1.0, 1.0, 0.0, 1.0]
[19950115, 19950314.0, 1.0, 1.0, 0.0, 1.0]
[19950115, 19950305.0, 1.0, 1.0, 0.0, 0.0]
[19950118.0, 19950317.0, 1.0, 1.0, 0.0, 1.0]
[19950127.0, 19950317.0, 1.0, 1.0, 0.0, 0.0]
[19950117.0, 19950316.0, 1.0, 1.0, 0.0, 1.0]
[19950126.0, 19950316.0, 1.0, 1.0, 0.0, 0.0]
[19950120.0, 19950310.0, 1.0, 1.0, 0.0, 0.0]
[19950119.0, 19950309.0, 1.0, 1.0, 0.0, 0.0]
[19950118.0, 19950308.0, 1.0, 1.0, 0.0, 0.0]
[19950117.0, 19950307.0, 1.0, 1.0, 0.0, 0.0]
[19950116.0, 19950306.0, 1.0, 1.0, 0.0, 0.0]
[19950122.0, 19950312.0, 1.0, 1.0, 0.0, 0.0]
[19950123.0, 19950313.0, 1.0, 1.0, 0.0, 0.0]
[19950124.0, 19950314.0, 1.0, 1.0, 0.0, 0.0]
[19950125.0, 19950315.0, 1.0, 1.0, 0.0, 0.0]
[19950121.0, 19950311.0, 1.0, 1.0, 0.0, 0.0]
[19950116, 19950315.0, 1.0, 1.0, 1.0, 0.0]
[19950115, 19950314.0, 1.0, 1.0, 1.0, 0.0]
[19950118.0, 19950317.0, 1.0, 1.0, 1.0, 0.0]
[19950117.0, 19950316.0, 1.0, 1.0, 1.0, 0.0]

3

[19950215, 19950317.0, 0.0, 0.0, 0.0, 1.0]
[19950215, 19950317.0, 0.0, 0.0, 1.0, 0.0]
[19950215, 19950317.0, 0.0, 1.0, 0.0, 0.0]
[19950215, 19950317.0, 1.0, 0.0, 0.0, 0.0]
[19950303, 19950228.0, 0.0, 0.0, 0.0, 0.0]
[19950302, 19950227.0, 0.0, 0.0, 0.0, 0.0]
[19950301, 19950226.0, 0.0, 0.0, 0.0, 0.0]
[19950228, 19950225.0, 0.0, 0.0, 0.0, 0.0]
[19950227, 19950224.0, 0.0, 0.0, 0.0, 0.0]
[19950226, 19950223.0, 0.0, 0.0, 0.0, 0.0]
[19950225, 19950222.0, 0.0, 0.0, 0.0, 0.0]
[19950224, 19950221.0, 0.0, 0.0, 0.0, 0.0]
[19950223, 19950220.0, 0.0, 0.0, 0.0, 0.0]
[19950222, 19950219.0, 0.0, 0.0, 0.0, 0.0]
[19950221, 19950218.0, 0.0, 0.0, 0.0, 0.0]
[19950220, 19950217.0, 0.0, 0.0, 0.0, 0.0]
[19950219, 19950216.0, 0.0, 0.0, 0.0, 0.0]
[19950218, 19950215.0, 0.0, 0.0, 0.0, 0.0]
[19950217, 19950214.0, 0.0, 0.0, 0.0, 0.0]
[19950216, 19950213.0, 0.0, 0.0, 0.0, 0.0]
[19950215, 19950212.0, 0.0, 0.0, 0.0, 0.0]
[19950305.0, 19950302.0, 0.0, 0.0, 0.0, 0.0]
[19950306.0, 19950303.0, 0.0, 0.0, 0.0, 0.0]
[19950307.0, 19950304.0, 0.0, 0.0, 0.0, 0.0]
[19950308.0, 19950305.0, 0.0, 0.0, 0.0, 0.0]
[19950309.0, 19950306.0, 0.0, 0.0, 0.0, 0.0]
[19950310.0, 19950307.0, 0.0, 0.0, 0.0, 0.0]
[19950311.0, 19950308.0, 0.0, 0.0, 0.0, 0.0]
[19950312.0, 19950309.0, 0.0, 0.0, 0.0, 0.0]
[19950313.0, 19950310.0, 0.0, 0.0, 0.0, 0.0]
[19950314.0, 19950311.0, 0.0, 0.0, 0.0, 0.0]
[19950315.0, 19950312.0, 0.0, 0.0, 0.0, 0.0]
[19950316.0, 19950313.0, 0.0, 0.0, 0.0, 0.0]
[19950318.0, 19950314.0, 0.0, 0.0, 0.0, 0.0]
[19950319.0, 19950315.0, 0.0, 0.0, 0.0, 0.0]
[19950320.0, 19950316.0, 0.0, 0.0, 0.0, 0.0]
[19950321.0, 19950317.0, 0.0, 0.0, 0.0, 0.0]
[19950304.0, 19950301.0, 0.0, 0.0, 0.0, 0.0]

4

[19950315, 19950317.0, 0.0, 0.0, 0.0, 1.0]
[19950315, 19950317.0, 0.0, 0.0, 1.0, 0.0]
[19950315, 19950317.0, 0.0, 1.0, 0.0, 0.0]
[19950315, 19950317.0, 1.0, 0.0, 0.0, 0.0]
[19950318, 19950314.0, 0.0, 0.0, 0.0, 0.0]
[19950316, 19950313.0, 0.0, 0.0, 0.0, 0.0]
[19950315, 19950312.0, 0.0, 0.0, 0.0, 0.0]
[19950320.0, 19950316.0, 0.0, 0.0, 0.0, 0.0]
[19950321.0, 19950317.0, 0.0, 0.0, 0.0, 0.0]
[19950319.0, 19950315.0, 0.0, 0.0, 0.0, 0.0]

5



6



7


