selection file, result

1

[12, 11, 0.0, 0.0, 1.0]
[11, 12, 0.0, 0.0, 1.0]
[11, 12, 1.0, 0.0, 0.0]
[8, 12, 0.0, 0.0, 0.0]
[12, 11.0, 1.0, 0.0, 0.0]
[11, 11.0, 0.0, 0.0, 0.0]
[12, 0.0, 0.0, 0.0, 0.0]

2

[11, 11, 0.0, 0.0, 1.0]
[12, 0, 1.0, 0.0, 1.0]
[11.0, 11, 1.0, 0.0, 0.0]
[10.0, 11, 0.0, 0.0, 0.0]
[11.0, 10, 0.0, 0.0, 0.0]

3

[11, 10, 1.0, 0.0, 1.0]
[10, 11, 1.0, 0.0, 0.0]
[8, 11, 0.0, 0.0, 1.0]
[10, 10.0, 0.0, 0.0, 0.0]
[11, 0.0, 0.0, 0.0, 1.0]
[11, 8.0, 1.0, 0.0, 0.0]

4

[10, 10, 0.0, 0.0, 1.0]
[10, 10, 1.0, 0.0, 0.0]
[10, 9, 0.0, 0.0, 0.0]
[8, 10, 0.0, 0.0, 0.0]

5

[10, 9, 1.0, 0.0, 1.0]
[8, 10, 1.0, 0.0, 1.0]
[7, 10, 0.0, 0.0, 1.0]
[7, 10, 1.0, 0.0, 0.0]
[10, 8.0, 0.0, 0.0, 1.0]
[9, 9.0, 0.0, 0.0, 1.0]
[8, 9.0, 0.0, 0.0, 0.0]
[9, 8.0, 0.0, 0.0, 0.0]
[10, 0.0, 0.0, 0.0, 0.0]
[10, 8.0, 1.0, 0.0, 0.0]
[9, 9.0, 1.0, 0.0, 0.0]

6

[9, 9, 1.0, 0.0, 1.0]
[10, 8, 1.0, 1.0, 1.0]
[10, 0, 1.0, 0.0, 1.0]
[8.0, 9, 0.0, 0.0, 0.0]
[9.0, 8, 0.0, 0.0, 1.0]
[9.0, 7, 0.0, 1.0, 0.0]
[9.0, 0, 0.0, 0.0, 0.0]
[9.0, 8, 1.0, 0.0, 0.0]
