selection file, result

0

[19921213, 19930218.0, 1.0]
[19921212, 19930217.0, 1.0]
[19921211, 19930216.0, 1.0]
[19921210, 19930215.0, 1.0]
[19921209, 19930214.0, 1.0]
[19921208, 19930213.0, 1.0]
[19921207, 19930212.0, 1.0]
[19921206, 19930211.0, 1.0]
[19921205, 19930210.0, 1.0]
[19921204, 19930209.0, 1.0]
[19921203, 19930208.0, 1.0]
[19921202, 19930207.0, 1.0]
[19921131, 19930206.0, 1.0]
[19921130, 19930205.0, 1.0]
[19921129, 19930204.0, 1.0]
[19921128, 19930203.0, 1.0]
[19921127, 19930201.0, 1.0]
[19921125, 19930130.0, 1.0]
[19921124, 19930129.0, 1.0]
[19921215.0, 19930220.0, 1.0]
[19921217.0, 19930222.0, 1.0]
[19921219.0, 19930224.0, 1.0]
[19921221.0, 19930226.0, 1.0]
[19921224.0, 19930301.0, 1.0]
[19921214.0, 19930219.0, 1.0]

1

[19930119, 19930327.0, 1.0]
[19930118, 19930326.0, 1.0]
[19930117, 19930324.0, 1.0]
[19930116, 19930323.0, 1.0]
[19930115, 19930322.0, 1.0]
[19930114, 19930321.0, 1.0]
[19930113, 19930320.0, 1.0]
[19930112, 19930319.0, 1.0]
[19930111, 19930318.0, 1.0]
[19930110, 19930317.0, 1.0]
[19930109, 19930316.0, 1.0]
[19930108, 19930315.0, 1.0]
[19930107, 19930314.0, 1.0]
[19930106, 19930313.0, 1.0]
[19930105, 19930312.0, 1.0]
[19930104, 19930311.0, 1.0]
[19930103, 19930310.0, 1.0]
[19930102, 19930309.0, 1.0]
[19921232, 19930308.0, 1.0]
[19921231, 19930307.0, 1.0]
[19921230, 19930306.0, 1.0]
[19921229, 19930305.0, 1.0]
[19921228, 19930304.0, 1.0]
[19921227, 19930303.0, 1.0]
[19921225, 19930302.0, 1.0]
[19921224, 19930301.0, 1.0]
[19930122.0, 19930329.0, 1.0]
[19930125.0, 19930401.0, 1.0]
[19930120.0, 19930328.0, 1.0]

2

[19930306, 19930512.0, 1.0]
[19930305, 19930511.0, 1.0]
[19930304, 19930510.0, 1.0]
[19930303, 19930509.0, 1.0]
[19930302, 19930508.0, 1.0]
[19930229, 19930507.0, 1.0]
[19930228, 19930506.0, 1.0]
[19930227, 19930505.0, 1.0]
[19930226, 19930504.0, 1.0]
[19930225, 19930502.0, 1.0]
[19930224, 19930501.0, 1.0]
[19930222, 19930429.0, 1.0]
[19930221, 19930428.0, 1.0]
[19930308.0, 19930514.0, 1.0]
[19930310.0, 19930516.0, 1.0]
[19930311.0, 19930518.0, 1.0]
[19930313.0, 19930520.0, 1.0]
[19930315.0, 19930522.0, 1.0]
[19930317.0, 19930524.0, 1.0]
[19930319.0, 19930526.0, 1.0]
[19930321.0, 19930528.0, 1.0]
[19930323.0, 19930530.0, 1.0]
[19930325.0, 19930601.0, 1.0]
[19930327.0, 19930603.0, 1.0]
[19930330.0, 19930605.0, 1.0]
[19930332.0, 19930607.0, 1.0]
[19930403.0, 19930609.0, 1.0]
[19930405.0, 19930611.0, 1.0]
[19930407.0, 19930613.0, 1.0]
[19930409.0, 19930615.0, 1.0]
[19930411.0, 19930617.0, 1.0]
[19930413.0, 19930619.0, 1.0]
[19930415.0, 19930621.0, 1.0]
[19930417.0, 19930623.0, 1.0]
[19930419.0, 19930625.0, 1.0]
[19930421.0, 19930627.0, 1.0]
[19930423.0, 19930629.0, 1.0]
[19930425.0, 19930701.0, 1.0]
[19930427.0, 19930703.0, 1.0]
[19930430.0, 19930706.0, 1.0]
[19930307.0, 19930513.0, 1.0]

3

[19930421, 19930627.0, 1.0]
[19930420, 19930626.0, 1.0]
[19930419, 19930625.0, 1.0]
[19930418, 19930624.0, 1.0]
[19930417, 19930623.0, 1.0]
[19930416, 19930622.0, 1.0]
[19930415, 19930621.0, 1.0]
[19930414, 19930620.0, 1.0]
[19930413, 19930619.0, 1.0]
[19930412, 19930618.0, 1.0]
[19930411, 19930617.0, 1.0]
[19930410, 19930616.0, 1.0]
[19930409, 19930615.0, 1.0]
[19930408, 19930614.0, 1.0]
[19930407, 19930613.0, 1.0]
[19930406, 19930612.0, 1.0]
[19930405, 19930611.0, 1.0]
[19930404, 19930610.0, 1.0]
[19930403, 19930609.0, 1.0]
[19930402, 19930608.0, 1.0]
[19930332, 19930607.0, 1.0]
[19930331, 19930606.0, 1.0]
[19930330, 19930605.0, 1.0]
[19930329, 19930604.0, 1.0]
[19930327, 19930603.0, 1.0]
[19930326, 19930602.0, 1.0]
[19930423.0, 19930629.0, 1.0]
[19930425.0, 19930701.0, 1.0]
[19930427.0, 19930703.0, 1.0]
[19930430.0, 19930706.0, 1.0]
[19930422.0, 19930628.0, 1.0]

4

[19930606, 19930812.0, 1.0]
[19930605, 19930811.0, 1.0]
[19930604, 19930810.0, 1.0]
[19930603, 19930809.0, 1.0]
[19930602, 19930808.0, 1.0]
[19930532, 19930807.0, 1.0]
[19930531, 19930806.0, 1.0]
[19930530, 19930805.0, 1.0]
[19930529, 19930804.0, 1.0]
[19930528, 19930803.0, 1.0]
[19930527, 19930802.0, 1.0]
[19930526, 19930801.0, 1.0]
[19930524, 19930730.0, 1.0]
[19930523, 19930729.0, 1.0]
[19930608.0, 19930814.0, 1.0]
[19930610.0, 19930816.0, 1.0]
[19930612.0, 19930818.0, 1.0]
[19930614.0, 19930820.0, 1.0]
[19930616.0, 19930822.0, 1.0]
[19930618.0, 19930824.0, 1.0]
[19930621.0, 19930826.0, 1.0]
[19930623.0, 19930828.0, 1.0]
[19930625.0, 19930830.0, 1.0]
[19930627.0, 19930901.0, 1.0]
[19930629.0, 19930903.0, 1.0]
[19930631.0, 19930905.0, 1.0]
[19930703.0, 19930907.0, 1.0]
[19930705.0, 19930910.0, 1.0]
[19930607.0, 19930813.0, 1.0]

5

[19930721, 19930926.0, 1.0]
[19930720, 19930925.0, 1.0]
[19930719, 19930924.0, 1.0]
[19930718, 19930923.0, 1.0]
[19930717, 19930922.0, 1.0]
[19930716, 19930921.0, 1.0]
[19930715, 19930920.0, 1.0]
[19930714, 19930919.0, 1.0]
[19930713, 19930918.0, 1.0]
[19930712, 19930917.0, 1.0]
[19930711, 19930915.0, 1.0]
[19930709, 19930914.0, 1.0]
[19930708, 19930913.0, 1.0]
[19930723.0, 19930928.0, 1.0]
[19930726.0, 19931001.0, 1.0]
[19930722.0, 19930927.0, 1.0]

6

[19930906, 19931110.0, 1.0]
[19930905, 19931109.0, 1.0]
[19930904, 19931108.0, 1.0]
[19930903, 19931107.0, 1.0]
[19930902, 19931106.0, 1.0]
[19930832, 19931105.0, 1.0]
[19930831, 19931104.0, 1.0]
[19930830, 19931103.0, 1.0]
[19930829, 19931102.0, 1.0]
[19930828, 19931101.0, 1.0]
[19930825, 19931030.0, 1.0]
[19930824, 19931029.0, 1.0]
[19930908.0, 19931112.0, 1.0]
[19930910.0, 19931114.0, 1.0]
[19930912.0, 19931116.0, 1.0]
[19930914.0, 19931118.0, 1.0]
[19930916.0, 19931120.0, 1.0]
[19930918.0, 19931122.0, 1.0]
[19930920.0, 19931124.0, 1.0]
[19930922.0, 19931126.0, 1.0]
[19930924.0, 19931128.0, 1.0]
[19930927.0, 19931201.0, 1.0]
[19930907.0, 19931111.0, 1.0]

7

[19931021, 19931226.0, 1.0]
[19931020, 19931225.0, 1.0]
[19931019, 19931224.0, 1.0]
[19931017, 19931223.0, 1.0]
[19931016, 19931221.0, 1.0]
[19931022.0, 19931228.0, 1.0]
[19931024.0, 19931230.0, 1.0]
[19931026.0, 19940101.0, 1.0]
[19931028.0, 19940104.0, 1.0]

8



9


