selection file, result

0



1



2



3



4

[19950327.0, 19950330, 1.0]
[19950328.0, 19950530, 1.0]
[19950329.0, 19950602, 1.0]
[19950330.0, 19950607, 1.0]
[19950401.0, 19950613, 1.0]
[19950402.0, 19950616, 1.0]
[19950325.0, 19950328, 1.0]
[19950326.0, 19950329, 1.0]

5

[19950405.0, 19950620, 1.0]
[19950406.0, 19950621, 1.0]
[19950407.0, 19950622, 1.0]
[19950408.0, 19950623, 1.0]
[19950409.0, 19950624, 1.0]
[19950410.0, 19950625, 1.0]
[19950411.0, 19950626, 1.0]
[19950412.0, 19950627, 1.0]
[19950413.0, 19950628, 1.0]
[19950415.0, 19950630, 1.0]
[19950416.0, 19950702, 1.0]
[19950403.0, 19950617, 1.0]
[19950402.0, 19950616, 1.0]
[19950404.0, 19950619, 1.0]

6

[19950505.0, 19950722, 1.0]
[19950508.0, 19950723, 1.0]
[19950509.0, 19950724, 1.0]
[19950503.0, 19950720, 1.0]
[19950502.0, 19950718, 1.0]
[19950429.0, 19950716, 1.0]
[19950504.0, 19950721, 1.0]

7

[19950610, 19950816.0, 1.0]
[19950808, 19950817.0, 1.0]
[19950813, 19950820.0, 1.0]
[19950815, 19950825.0, 1.0]
[19950819, 19950902.0, 1.0]
[19950824, 19950903.0, 1.0]
[19950829, 19950906.0, 1.0]
[19950830, 19950908.0, 1.0]
[19950609.0, 19950815.0, 1.0]
