selection file, result

0

[19950101.0, 19960101, 0.0, 0.0]
[19950127.0, 19960101, 1.0, 0.0]
[19950126.0, 19950605, 1.0, 0.0]
[19950126.0, 19950303, 1.0, 1.0]
[19950124.0, 19950522, 1.0, 0.0]
[19950121.0, 19950511, 1.0, 0.0]
[19950121.0, 19950227, 1.0, 1.0]
[19950117.0, 19950504, 1.0, 0.0]
[19950117.0, 19950224, 1.0, 1.0]
[19950115.0, 19950429, 1.0, 0.0]
[19950115.0, 19950220, 1.0, 1.0]
[19950113.0, 19950424, 1.0, 0.0]
[19950113.0, 19950218, 1.0, 1.0]
[19950111.0, 19950418, 1.0, 0.0]
[19950111.0, 19950215, 1.0, 1.0]
[19950108.0, 19950415, 1.0, 0.0]
[19950108.0, 19950212, 1.0, 1.0]
[19950105.0, 19950412, 1.0, 0.0]
[19950105.0, 19950209, 1.0, 1.0]
[19950103.0, 19950408, 1.0, 0.0]
[19950103.0, 19950207, 1.0, 1.0]
[19950101.0, 19950405, 1.0, 0.0]
[19950101.0, 19950205, 1.0, 1.0]
[19950104.0, 19950411, 1.0, 0.0]
[19950107.0, 19950413, 1.0, 0.0]
[19950107.0, 19950211, 1.0, 1.0]
[19950112.0, 19950420, 1.0, 0.0]
[19950112.0, 19950216, 1.0, 1.0]
[19950114.0, 19950425, 1.0, 0.0]
[19950116.0, 19950501, 1.0, 0.0]
[19950119.0, 19950507, 1.0, 0.0]
[19950119.0, 19950225, 1.0, 1.0]
[19950123.0, 19950517, 1.0, 0.0]
[19950123.0, 19950301, 1.0, 1.0]
[19950125.0, 19950530, 1.0, 0.0]
[19950125.0, 19950302, 1.0, 1.0]
[19950327.0, 19960101, 1.0, 1.0]
[19950326.0, 19950525, 1.0, 1.0]
[19950325.0, 19950517, 1.0, 1.0]
[19950324.0, 19950514, 1.0, 1.0]
[19950322.0, 19950508, 1.0, 1.0]
[19950321.0, 19950507, 1.0, 1.0]
[19950319.0, 19950501, 1.0, 1.0]
[19950318.0, 19950429, 1.0, 1.0]
[19950317.0, 19950428, 1.0, 1.0]
[19950314.0, 19950426, 1.0, 1.0]
[19950313.0, 19950424, 1.0, 1.0]
[19950312.0, 19950423, 1.0, 1.0]
[19950310.0, 19950420, 1.0, 1.0]
[19950309.0, 19950419, 1.0, 1.0]
[19950307.0, 19950418, 1.0, 1.0]
[19950306.0, 19950415, 1.0, 1.0]
[19950305.0, 19950413, 1.0, 1.0]
[19950304.0, 19950412, 1.0, 1.0]
[19950303.0, 19950411, 1.0, 1.0]
[19950229.0, 19950410, 1.0, 1.0]
[19950224.0, 19950405, 1.0, 1.0]
[19950222.0, 19950401, 1.0, 1.0]
[19950219.0, 19950330, 1.0, 1.0]
[19950217.0, 19950328, 1.0, 1.0]
[19950216.0, 19950327, 1.0, 1.0]
[19950212.0, 19950321, 1.0, 1.0]
[19950211.0, 19950319, 1.0, 1.0]
[19950209.0, 19950318, 1.0, 1.0]
[19950208.0, 19950317, 1.0, 1.0]
[19950206.0, 19950315, 1.0, 1.0]
[19950205.0, 19950314, 1.0, 1.0]
[19950204.0, 19950313, 1.0, 1.0]
[19950203.0, 19950312, 1.0, 1.0]
[19950132.0, 19950310, 1.0, 1.0]
[19950129.0, 19950307, 1.0, 1.0]
[19950128.0, 19950306, 1.0, 1.0]
[19950127.0, 19950304, 1.0, 1.0]
[19950132.0, 19960101, 0.0, 1.0]
[19950130.0, 19950519, 0.0, 1.0]
[19950129.0, 19950516, 0.0, 1.0]
[19950128.0, 19950513, 0.0, 1.0]
[19950126.0, 19950509, 0.0, 1.0]
[19950124.0, 19950508, 0.0, 1.0]

1

[19950101.0, 19960101, 1.0, 0.0]
[19950103.0, 19960101, 0.0, 1.0]
[19950101.0, 19950522, 0.0, 1.0]
[19950101.0, 19950219, 1.0, 1.0]
[19950314.0, 19951225, 1.0, 1.0]
[19950313.0, 19950530, 1.0, 1.0]
[19950312.0, 19950522, 1.0, 1.0]
[19950310.0, 19950516, 1.0, 1.0]
[19950309.0, 19950514, 1.0, 1.0]
[19950306.0, 19950509, 1.0, 1.0]
[19950305.0, 19950507, 1.0, 1.0]
[19950303.0, 19950504, 1.0, 1.0]
[19950229.0, 19950429, 1.0, 1.0]
[19950224.0, 19950424, 1.0, 1.0]
[19950222.0, 19950422, 1.0, 1.0]
[19950220.0, 19950420, 1.0, 1.0]
[19950219.0, 19950419, 1.0, 1.0]
[19950217.0, 19950415, 1.0, 1.0]
[19950216.0, 19950413, 1.0, 1.0]
[19950212.0, 19950408, 1.0, 1.0]
[19950211.0, 19950406, 1.0, 1.0]
[19950210.0, 19950405, 1.0, 1.0]
[19950208.0, 19950401, 1.0, 1.0]
[19950206.0, 19950330, 1.0, 1.0]
[19950205.0, 19950329, 1.0, 1.0]
[19950203.0, 19950327, 1.0, 1.0]
[19950132.0, 19950324, 1.0, 1.0]
[19950130.0, 19950321, 1.0, 1.0]
[19950128.0, 19950319, 1.0, 1.0]
[19950127.0, 19950318, 1.0, 1.0]
[19950126.0, 19950317, 1.0, 1.0]
[19950125.0, 19950316, 1.0, 1.0]
[19950123.0, 19950315, 1.0, 1.0]
[19950121.0, 19950313, 1.0, 1.0]
[19950117.0, 19950310, 1.0, 1.0]
[19950116.0, 19950308, 1.0, 1.0]
[19950115.0, 19950307, 1.0, 1.0]
[19950114.0, 19950306, 1.0, 1.0]
[19950113.0, 19950304, 1.0, 1.0]
[19950112.0, 19950303, 1.0, 1.0]
[19950111.0, 19950301, 1.0, 1.0]
[19950107.0, 19950227, 1.0, 1.0]
[19950105.0, 19950226, 1.0, 1.0]
[19950104.0, 19950224, 1.0, 1.0]
[19950103.0, 19950220, 1.0, 1.0]
[19950317.0, 19951229, 1.0, 1.0]
[19950320.0, 19951230, 1.0, 1.0]
[19950324.0, 19960101, 1.0, 1.0]

2

[19950101.0, 19960101, 1.0, 0.0]
[19950101.0, 19960101, 0.0, 1.0]
[19950229.0, 19951207, 1.0, 1.0]
[19950224.0, 19950530, 1.0, 1.0]
[19950222.0, 19950520, 1.0, 1.0]
[19950220.0, 19950514, 1.0, 1.0]
[19950219.0, 19950513, 1.0, 1.0]
[19950217.0, 19950508, 1.0, 1.0]
[19950216.0, 19950506, 1.0, 1.0]
[19950212.0, 19950428, 1.0, 1.0]
[19950211.0, 19950425, 1.0, 1.0]
[19950210.0, 19950424, 1.0, 1.0]
[19950209.0, 19950422, 1.0, 1.0]
[19950208.0, 19950420, 1.0, 1.0]
[19950206.0, 19950419, 1.0, 1.0]
[19950205.0, 19950418, 1.0, 1.0]
[19950204.0, 19950415, 1.0, 1.0]
[19950203.0, 19950413, 1.0, 1.0]
[19950132.0, 19950410, 1.0, 1.0]
[19950130.0, 19950408, 1.0, 1.0]
[19950129.0, 19950407, 1.0, 1.0]
[19950128.0, 19950405, 1.0, 1.0]
[19950127.0, 19950403, 1.0, 1.0]
[19950126.0, 19950401, 1.0, 1.0]
[19950124.0, 19950330, 1.0, 1.0]
[19950123.0, 19950329, 1.0, 1.0]
[19950121.0, 19950328, 1.0, 1.0]
[19950119.0, 19950324, 1.0, 1.0]
[19950118.0, 19950323, 1.0, 1.0]
[19950117.0, 19950322, 1.0, 1.0]
[19950115.0, 19950321, 1.0, 1.0]
[19950113.0, 19950318, 1.0, 1.0]
[19950112.0, 19950317, 1.0, 1.0]
[19950111.0, 19950315, 1.0, 1.0]
[19950109.0, 19950313, 1.0, 1.0]
[19950107.0, 19950312, 1.0, 1.0]
[19950104.0, 19950310, 1.0, 1.0]
[19950103.0, 19950308, 1.0, 1.0]
[19950101.0, 19950306, 1.0, 1.0]
[19950304.0, 19951211, 1.0, 1.0]
[19950305.0, 19951212, 1.0, 1.0]
[19950306.0, 19951213, 1.0, 1.0]
[19950307.0, 19951214, 1.0, 1.0]
[19950309.0, 19951217, 1.0, 1.0]
[19950310.0, 19951220, 1.0, 1.0]
[19950312.0, 19951221, 1.0, 1.0]
[19950314.0, 19951225, 1.0, 1.0]
[19950317.0, 19951229, 1.0, 1.0]
[19950320.0, 19951230, 1.0, 1.0]
[19950324.0, 19960101, 1.0, 1.0]
[19950303.0, 19951208, 1.0, 1.0]

3

[19950101.0, 19960101, 1.0, 0.0]
[19950101.0, 19960101, 0.0, 1.0]
[19950212.0, 19951126, 1.0, 1.0]
[19950211.0, 19950605, 1.0, 1.0]
[19950210.0, 19950525, 1.0, 1.0]
[19950209.0, 19950519, 1.0, 1.0]
[19950208.0, 19950516, 1.0, 1.0]
[19950207.0, 19950511, 1.0, 1.0]
[19950205.0, 19950509, 1.0, 1.0]
[19950204.0, 19950508, 1.0, 1.0]
[19950203.0, 19950507, 1.0, 1.0]
[19950202.0, 19950501, 1.0, 1.0]
[19950132.0, 19950429, 1.0, 1.0]
[19950129.0, 19950426, 1.0, 1.0]
[19950128.0, 19950424, 1.0, 1.0]
[19950127.0, 19950422, 1.0, 1.0]
[19950125.0, 19950420, 1.0, 1.0]
[19950124.0, 19950419, 1.0, 1.0]
[19950123.0, 19950418, 1.0, 1.0]
[19950121.0, 19950415, 1.0, 1.0]
[19950119.0, 19950411, 1.0, 1.0]
[19950117.0, 19950410, 1.0, 1.0]
[19950115.0, 19950408, 1.0, 1.0]
[19950114.0, 19950405, 1.0, 1.0]
[19950112.0, 19950401, 1.0, 1.0]
[19950111.0, 19950330, 1.0, 1.0]
[19950107.0, 19950327, 1.0, 1.0]
[19950105.0, 19950325, 1.0, 1.0]
[19950104.0, 19950324, 1.0, 1.0]
[19950103.0, 19950321, 1.0, 1.0]
[19950101.0, 19950319, 1.0, 1.0]
[19950216.0, 19951129, 1.0, 1.0]
[19950219.0, 19951201, 1.0, 1.0]
[19950222.0, 19951205, 1.0, 1.0]
[19950229.0, 19951207, 1.0, 1.0]
[19950303.0, 19951208, 1.0, 1.0]
[19950304.0, 19951211, 1.0, 1.0]
[19950305.0, 19951212, 1.0, 1.0]
[19950306.0, 19951213, 1.0, 1.0]
[19950307.0, 19951214, 1.0, 1.0]
[19950309.0, 19951217, 1.0, 1.0]
[19950310.0, 19951220, 1.0, 1.0]
[19950312.0, 19951221, 1.0, 1.0]
[19950314.0, 19951225, 1.0, 1.0]
[19950317.0, 19951229, 1.0, 1.0]
[19950320.0, 19951230, 1.0, 1.0]
[19950324.0, 19960101, 1.0, 1.0]

4

[19950101.0, 19960101, 1.0, 0.0]
[19950101.0, 19960101, 0.0, 1.0]
[19950209.0, 19951121, 1.0, 1.0]
[19950208.0, 19951119, 1.0, 1.0]
[19950207.0, 19951118, 1.0, 1.0]
[19950205.0, 19951117, 1.0, 1.0]
[19950204.0, 19951115, 1.0, 1.0]
[19950202.0, 19951112, 1.0, 1.0]
[19950132.0, 19951110, 1.0, 1.0]
[19950129.0, 19951109, 1.0, 1.0]
[19950128.0, 19950530, 1.0, 1.0]
[19950127.0, 19950522, 1.0, 1.0]
[19950126.0, 19950516, 1.0, 1.0]
[19950125.0, 19950514, 1.0, 1.0]
[19950124.0, 19950513, 1.0, 1.0]
[19950123.0, 19950509, 1.0, 1.0]
[19950121.0, 19950508, 1.0, 1.0]
[19950119.0, 19950501, 1.0, 1.0]
[19950116.0, 19950429, 1.0, 1.0]
[19950115.0, 19950426, 1.0, 1.0]
[19950114.0, 19950424, 1.0, 1.0]
[19950113.0, 19950422, 1.0, 1.0]
[19950112.0, 19950420, 1.0, 1.0]
[19950111.0, 19950419, 1.0, 1.0]
[19950109.0, 19950415, 1.0, 1.0]
[19950108.0, 19950414, 1.0, 1.0]
[19950107.0, 19950413, 1.0, 1.0]
[19950105.0, 19950411, 1.0, 1.0]
[19950104.0, 19950410, 1.0, 1.0]
[19950103.0, 19950408, 1.0, 1.0]
[19950101.0, 19950406, 1.0, 1.0]
[19950210.0, 19951125, 1.0, 1.0]
[19950211.0, 19951126, 1.0, 1.0]
[19950216.0, 19951129, 1.0, 1.0]
[19950219.0, 19951201, 1.0, 1.0]
[19950222.0, 19951205, 1.0, 1.0]
[19950229.0, 19951207, 1.0, 1.0]
[19950303.0, 19951208, 1.0, 1.0]
[19950304.0, 19951211, 1.0, 1.0]
[19950305.0, 19951212, 1.0, 1.0]
[19950306.0, 19951213, 1.0, 1.0]
[19950307.0, 19951214, 1.0, 1.0]
[19950309.0, 19951217, 1.0, 1.0]
[19950310.0, 19951220, 1.0, 1.0]
[19950312.0, 19951221, 1.0, 1.0]
[19950314.0, 19951225, 1.0, 1.0]
[19950317.0, 19951229, 1.0, 1.0]
[19950320.0, 19951230, 1.0, 1.0]
[19950324.0, 19960101, 1.0, 1.0]

5

[19950101.0, 19960101, 1.0, 0.0]
[19950101.0, 19960101, 0.0, 1.0]
[19950209.0, 19951121, 1.0, 1.0]
[19950208.0, 19951119, 1.0, 1.0]
[19950207.0, 19951118, 1.0, 1.0]
[19950205.0, 19951117, 1.0, 1.0]
[19950204.0, 19951115, 1.0, 1.0]
[19950202.0, 19951112, 1.0, 1.0]
[19950132.0, 19951110, 1.0, 1.0]
[19950129.0, 19951109, 1.0, 1.0]
[19950127.0, 19951108, 1.0, 1.0]
[19950125.0, 19951106, 1.0, 1.0]
[19950121.0, 19951104, 1.0, 1.0]
[19950115.0, 19951102, 1.0, 1.0]
[19950114.0, 19950525, 1.0, 1.0]
[19950113.0, 19950520, 1.0, 1.0]
[19950112.0, 19950516, 1.0, 1.0]
[19950111.0, 19950511, 1.0, 1.0]
[19950109.0, 19950508, 1.0, 1.0]
[19950108.0, 19950507, 1.0, 1.0]
[19950107.0, 19950506, 1.0, 1.0]
[19950105.0, 19950501, 1.0, 1.0]
[19950103.0, 19950429, 1.0, 1.0]
[19950101.0, 19950425, 1.0, 1.0]
[19950210.0, 19951125, 1.0, 1.0]
[19950211.0, 19951126, 1.0, 1.0]
[19950216.0, 19951129, 1.0, 1.0]
[19950219.0, 19951201, 1.0, 1.0]
[19950222.0, 19951205, 1.0, 1.0]
[19950229.0, 19951207, 1.0, 1.0]
[19950303.0, 19951208, 1.0, 1.0]
[19950304.0, 19951211, 1.0, 1.0]
[19950305.0, 19951212, 1.0, 1.0]
[19950306.0, 19951213, 1.0, 1.0]
[19950307.0, 19951214, 1.0, 1.0]
[19950309.0, 19951217, 1.0, 1.0]
[19950310.0, 19951220, 1.0, 1.0]
[19950312.0, 19951221, 1.0, 1.0]
[19950314.0, 19951225, 1.0, 1.0]
[19950317.0, 19951229, 1.0, 1.0]
[19950320.0, 19951230, 1.0, 1.0]
[19950324.0, 19960101, 1.0, 1.0]
