selection file, result

0

[25.0, 19.0, 1.0, 1.0, 0.0]
[25.0, 19.0, 1.0, 0.0, 1.0]
[25.0, 19.0, 0.0, 1.0, 1.0]
[25.0, 20.0, 1.0, 1.0, 1.0]
[41.0, 19.0, 1.0, 1.0, 1.0]

1

[30.0, 19.0, 1.0, 1.0, 0.0]
[30.0, 19.0, 1.0, 0.0, 1.0]
[30.0, 19.0, 0.0, 1.0, 1.0]
[30.0, 20.0, 1.0, 1.0, 1.0]
[41.0, 19.0, 1.0, 1.0, 1.0]

2

[35.0, 19.0, 1.0, 1.0, 0.0]
[35.0, 19.0, 1.0, 0.0, 1.0]
[35.0, 19.0, 0.0, 1.0, 1.0]
[35.0, 20.0, 1.0, 1.0, 1.0]
[41.0, 19.0, 1.0, 1.0, 1.0]

3

[40.0, 19.0, 1.0, 1.0, 0.0]
[40.0, 19.0, 1.0, 0.0, 1.0]
[40.0, 19.0, 0.0, 1.0, 1.0]
[40.0, 20.0, 1.0, 1.0, 1.0]
[41.0, 19.0, 1.0, 1.0, 1.0]

4



5



6



7



8


