selection file, result

2

[99, 5.0, 5.0, 0.0, 1.0, 0.0, 1.0]
[100, 4.0, 4.0, 0.0, 1.0, 1.0, 1.0]
[100, 4.0, 6.0, 0.0, 0.0, 1.0, 1.0]
[63.0, 5.0, 9.0, 0.0, 0.0, 1.0, 0.0]
[83.0, 4.0, 5.0, 0.0, 1.0, 0.0, 1.0]
[145.0, 4.0, 6.0, 0.0, 1.0, 1.0, 1.0]
[145.0, 4.0, 9.0, 0.0, 1.0, 1.0, 0.0]
[59.0, 4.0, 9.0, 0.0, 0.0, 1.0, 0.0]
[49.0, 4.0, 8.0, 0.0, 0.0, 0.0, 1.0]

3

[99, 5.0, 5.0, 0.0, 1.0, 0.0, 1.0]
[150, 4.0, 6.0, 0.0, 1.0, 1.0, 1.0]
[150, 4.0, 9.0, 0.0, 1.0, 1.0, 0.0]
[83.0, 4.0, 5.0, 0.0, 1.0, 0.0, 1.0]
[49.0, 4.0, 8.0, 0.0, 0.0, 0.0, 1.0]

4

[99, 5.0, 5.0, 0.0, 1.0, 0.0, 1.0]
[157, 4.0, 6.0, 0.0, 1.0, 1.0, 1.0]
[160, 5.0, 5.0, 1.0, 1.0, 1.0, 1.0]
[157, 4.0, 9.0, 0.0, 1.0, 1.0, 0.0]
[83.0, 4.0, 5.0, 0.0, 1.0, 0.0, 1.0]
[49.0, 4.0, 8.0, 0.0, 0.0, 0.0, 1.0]

5

[99, 5.0, 5.0, 0.0, 1.0, 0.0, 1.0]
[157, 4.0, 6.0, 0.0, 1.0, 1.0, 1.0]
[160, 5.0, 5.0, 1.0, 1.0, 1.0, 1.0]
[157, 4.0, 9.0, 0.0, 1.0, 1.0, 0.0]
[83.0, 4.0, 5.0, 0.0, 1.0, 0.0, 1.0]
[49.0, 4.0, 8.0, 0.0, 0.0, 0.0, 1.0]

6

[99, 5.0, 5.0, 0.0, 1.0, 0.0, 1.0]
[157, 4.0, 6.0, 0.0, 1.0, 1.0, 1.0]
[160, 5.0, 5.0, 1.0, 1.0, 1.0, 1.0]
[157, 4.0, 9.0, 0.0, 1.0, 1.0, 0.0]
[83.0, 4.0, 5.0, 0.0, 1.0, 0.0, 1.0]
[49.0, 4.0, 8.0, 0.0, 0.0, 0.0, 1.0]

7

[99, 5.0, 5.0, 0.0, 1.0, 0.0, 1.0]
[157, 4.0, 6.0, 0.0, 1.0, 1.0, 1.0]
[160, 5.0, 5.0, 1.0, 1.0, 1.0, 1.0]
[157, 4.0, 9.0, 0.0, 1.0, 1.0, 0.0]
[83.0, 4.0, 5.0, 0.0, 1.0, 0.0, 1.0]
[49.0, 4.0, 8.0, 0.0, 0.0, 0.0, 1.0]

8

[99, 5.0, 5.0, 0.0, 1.0, 0.0, 1.0]
[157, 4.0, 6.0, 0.0, 1.0, 1.0, 1.0]
[160, 5.0, 5.0, 1.0, 1.0, 1.0, 1.0]
[157, 4.0, 9.0, 0.0, 1.0, 1.0, 0.0]
[83.0, 4.0, 5.0, 0.0, 1.0, 0.0, 1.0]
[49.0, 4.0, 8.0, 0.0, 0.0, 0.0, 1.0]

9

[99, 5.0, 5.0, 0.0, 1.0, 0.0, 1.0]
[157, 4.0, 6.0, 0.0, 1.0, 1.0, 1.0]
[160, 5.0, 5.0, 1.0, 1.0, 1.0, 1.0]
[157, 4.0, 9.0, 0.0, 1.0, 1.0, 0.0]
[83.0, 4.0, 5.0, 0.0, 1.0, 0.0, 1.0]
[49.0, 4.0, 8.0, 0.0, 0.0, 0.0, 1.0]
