selection file, result

2

[100, 4.0, 8.0, 1.0, 0.0]
[100, 4.0, 8.0, 0.0, 1.0]
[100, 3.0, 6.0, 1.0, 1.0]
[100, 4.0, 5.0, 1.0, 1.0]
[125, 4.0, 6.0, 1.0, 1.0]
[144, 4.0, 7.0, 1.0, 1.0]
[157, 4.0, 8.0, 1.0, 1.0]
[100, 1.0, 8.0, 1.0, 1.0]
[131, 2.0, 8.0, 1.0, 1.0]
[144, 3.0, 8.0, 1.0, 1.0]
[100, 2.0, 7.0, 1.0, 1.0]
[131, 3.0, 7.0, 1.0, 1.0]

3

[150, 4.0, 8.0, 1.0, 0.0]
[150, 4.0, 8.0, 0.0, 1.0]
[150, 4.0, 7.0, 1.0, 1.0]
[150, 3.0, 8.0, 1.0, 1.0]
[157, 4.0, 8.0, 1.0, 1.0]

4



5



6



7



8



9


