selection file, result

1

[50, 4.0, 8.0, 0.0, 0.0]
[50, 3.0, 8.0, 1.0, 0.0]
[50, 4.0, 6.0, 1.0, 0.0]
[59, 4.0, 7.0, 1.0, 0.0]
[144, 4.0, 7.0, 1.0, 1.0]
[60, 4.0, 8.0, 1.0, 0.0]
[157, 4.0, 8.0, 1.0, 1.0]
[50, 4.0, 2.0, 1.0, 1.0]
[63, 4.0, 3.0, 1.0, 1.0]
[84, 4.0, 4.0, 1.0, 1.0]
[100, 4.0, 5.0, 1.0, 1.0]
[125, 4.0, 6.0, 1.0, 1.0]
[50, 1.0, 7.0, 1.0, 1.0]
[50, 2.0, 5.0, 1.0, 1.0]
[63, 2.0, 6.0, 1.0, 1.0]
[90, 2.0, 7.0, 1.0, 1.0]
[131, 2.0, 8.0, 1.0, 1.0]
[50, 3.0, 4.0, 1.0, 1.0]
[59, 3.0, 5.0, 1.0, 1.0]
[83, 3.0, 6.0, 1.0, 1.0]
[131, 3.0, 7.0, 1.0, 1.0]
[144, 3.0, 8.0, 1.0, 1.0]
[50, 0.0, 8.0, 1.0, 1.0]
[63, 1.0, 8.0, 1.0, 1.0]
[50, 3.0, 7.0, 0.0, 1.0]
[50, 4.0, 6.0, 0.0, 1.0]
[62, 4.0, 7.0, 0.0, 1.0]
[67, 4.0, 8.0, 0.0, 1.0]
[50, 2.0, 8.0, 0.0, 1.0]
[59, 3.0, 8.0, 0.0, 1.0]

2

[100, 4.0, 8.0, 1.0, 0.0]
[100, 4.0, 8.0, 0.0, 1.0]
[100, 3.0, 6.0, 1.0, 1.0]
[100, 4.0, 5.0, 1.0, 1.0]
[125, 4.0, 6.0, 1.0, 1.0]
[144, 4.0, 7.0, 1.0, 1.0]
[157, 4.0, 8.0, 1.0, 1.0]
[100, 2.0, 7.0, 1.0, 1.0]
[131, 3.0, 7.0, 1.0, 1.0]
[100, 1.0, 8.0, 1.0, 1.0]
[131, 2.0, 8.0, 1.0, 1.0]
[144, 3.0, 8.0, 1.0, 1.0]

3

[150, 4.0, 8.0, 1.0, 0.0]
[150, 4.0, 8.0, 0.0, 1.0]
[150, 4.0, 7.0, 1.0, 1.0]
[150, 3.0, 8.0, 1.0, 1.0]
[157, 4.0, 8.0, 1.0, 1.0]

4



5



6



7



8


