selection file, result

1

[11, 11, 1.0, 0.0, 0.0, 0.0, 1, 0.0]
[12, 11, 1.0, 0.0, 1.0, 0.0, 1, 1.0]

2

[11, 11, 1.0, 0.0, 0.0, 0.0, 1, 0.0]
[12, 10, 1.0, 0.0, 1.0, 0.0, 1, 0.0]
[12, 11, 1.0, 0.0, 1.0, 0.0, 1, 1.0]

3

[11, 11, 1.0, 0.0, 0.0, 0.0, 1, 0.0]
[12, 10, 1.0, 0.0, 1.0, 0.0, 1, 0.0]
[12, 11, 1.0, 0.0, 1.0, 0.0, 1, 1.0]

4

[11, 11, 1.0, 0.0, 0.0, 0.0, 1, 0.0]
[12, 10, 1.0, 0.0, 1.0, 0.0, 1, 0.0]
[12, 11, 1.0, 0.0, 1.0, 0.0, 1, 1.0]

5

[13, 12, 1.0, 1.0, 0.0, 0.0, 1, 0.0]
[12, 13, 1.0, 1.0, 0.0, 0.0, 1, 0.0]

6

[13, 12, 1.0, 1.0, 0.0, 0.0, 1, 0.0]
[12, 13, 1.0, 1.0, 0.0, 0.0, 1, 0.0]
