selection file, result

1

[13, 13, 0.0, 0.0, 1.0]
[13, 17, 1.0, 0.0, 1.0]
[17, 13, 1.0, 0.0, 1.0]
[18, 13, 1.0, 1.0, 1.0]
[13, 19.0, 1.0, 1.0, 1.0]
[17, 17.0, 1.0, 1.0, 1.0]
[13, 16, 0.0, 1.0, 1.0]
[17, 13, 0.0, 1.0, 1.0]

2

[13, 13, 0.0, 0.0, 1.0]
[13, 16, 1.0, 0.0, 1.0]
[16, 13, 1.0, 0.0, 1.0]
[17, 13, 1.0, 1.0, 1.0]
[13, 17.0, 1.0, 1.0, 1.0]
[16, 16.0, 1.0, 1.0, 1.0]
[14, 15, 0.0, 1.0, 1.0]
[13, 16, 0.0, 1.0, 1.0]
[16.0, 13, 0.0, 1.0, 1.0]
[15.0, 14, 0.0, 1.0, 1.0]

3

[13, 13, 0.0, 0.0, 1.0]
[15, 13, 1.0, 0.0, 1.0]
[13, 16, 1.0, 1.0, 1.0]
[16.0, 15, 1.0, 1.0, 1.0]
[17.0, 13, 1.0, 1.0, 1.0]
[13, 14, 0.0, 1.0, 1.0]
[14, 13, 0.0, 1.0, 1.0]

4

[13, 13, 0.0, 1.0, 1.0]
[14, 13, 1.0, 0.0, 1.0]
[13, 15, 1.0, 0.0, 1.0]
[13, 16, 1.0, 1.0, 1.0]
[16.0, 13, 1.0, 1.0, 1.0]

5

[13, 13, 0.0, 1.0, 1.0]
[13, 14, 1.0, 0.0, 1.0]
[14, 13, 1.0, 0.0, 1.0]
[15, 13, 1.0, 1.0, 1.0]
[13, 16.0, 1.0, 1.0, 1.0]

6

[13, 13, 1.0, 0.0, 1.0]
[13, 13, 0.0, 1.0, 1.0]
[13, 15, 1.0, 1.0, 1.0]
[15, 13, 1.0, 1.0, 1.0]
