selection file, result

1

[0, 1, 1, 19930201, 28]
[1, 0.0, 1, 19930201, 15]
[1.0, 0.0, 1, 19920220, 13.0]
[0, 1.0, 1, 19921127, 26.0]
[0, 1.0, 1, 19921014, 25.0]

2

[0, 1, 1, 19930201, 27]
[1, 0.0, 1, 19930201, 15]
[0, 1.0, 1, 19921014, 25.0]
[0, 1.0, 1, 19920919, 24.0]

3

[0, 1, 1, 19930201, 28]
[1, 0.0, 1, 19930201, 14]
[0, 1.0, 1, 19921014, 25.0]
[0, 1.0, 1, 19920919, 24.0]

4

[0, 1, 1, 19930201, 28]
[1, 0.0, 1, 19930201, 15]
[0, 1.0, 1, 19920423, 21.0]
[0, 1.0, 1, 19920310, 20.0]

5

[0, 1, 1, 19930201, 27]
[1, 0.0, 1, 19930201, 18]
[0, 1.0, 1, 19920630, 22.0]

6

[0, 1, 1, 19930201, 28]
[1, 0.0, 1, 19930201, 22]
[0, 1.0, 1, 19920919, 24.0]
[0, 1.0, 1, 19920310, 20.0]

7

[0, 1, 1, 19930201, 28]
[1, 0.0, 1, 19930201, 26]
[0, 1.0, 1, 19921127, 26.0]

8

[0, 1, 1, 19930201, 30]
[1, 0.0, 1, 19930201, 30]

9

[0, 1, 1, 19930201, 34]
[1, 0.0, 1, 19930201, 34]

10

[0, 1, 1, 19930201, 38]
[1, 0.0, 1, 19930201, 38]

11

[0, 1, 1, 19930201, 42]
[1, 0.0, 1, 19930201, 42]

12

[0, 1, 1, 19930201, 46]
[1, 0.0, 1, 19930201, 46]

13

[0, 1, 1, 19930201, 50]
[1, 0.0, 1, 19930201, 50]

14

[0, 1, 1, 19930201, 50]
[1, 0.0, 1, 19930201, 50]

15

[0, 1, 1, 19930201, 50]
[1, 0.0, 1, 19930201, 50]

16

[0, 1, 1, 19930201, 50]
[1, 0.0, 1, 19930201, 50]
