selection file, result

1



2



3



4

[40.0, 19.0, 1.0, 0.0]
[40.0, 19.0, 0.0, 1.0]
[40.0, 18.0, 1.0, 1.0]
[39.0, 19.0, 1.0, 1.0]

5

[45.0, 19.0, 1.0, 0.0]
[45.0, 19.0, 0.0, 1.0]
[45.0, 18.0, 1.0, 1.0]
[39.0, 19.0, 1.0, 1.0]

6

[50.0, 19.0, 1.0, 0.0]
[50.0, 19.0, 0.0, 1.0]
[49.0, 18.0, 1.0, 1.0]
[50.0, 17.0, 1.0, 1.0]
[39.0, 19.0, 1.0, 1.0]

7

[55.0, 19.0, 1.0, 0.0]
[55.0, 19.0, 0.0, 1.0]
[55.0, 17.0, 1.0, 1.0]
[49.0, 18.0, 1.0, 1.0]
[39.0, 19.0, 1.0, 1.0]

8

[60.0, 19.0, 1.0, 0.0]
[60.0, 19.0, 0.0, 1.0]
[60.0, 17.0, 1.0, 1.0]
[49.0, 18.0, 1.0, 1.0]
[39.0, 19.0, 1.0, 1.0]
