selection file, result

1

[0, 0, 0, 0, 1, 19950317, 19950317]
[0, 0.0, 0, 1, 0.0, 19950317, 19950317]
[0, 0.0, 1, 0.0, 0.0, 19950317, 19950317]
[1, 0.0, 0.0, 0.0, 0.0, 19950317, 19950317]

2

[0, 0, 0, 0, 1, 19950317, 19950317]
[0, 0.0, 0, 1, 0.0, 19950317, 19950317]
[0, 0.0, 1, 0.0, 0.0, 19950317, 19950317]
[1, 0.0, 0.0, 0.0, 0.0, 19950317, 19950317]

3

[0, 0, 0, 0, 1, 19950317, 19950317]
[0, 0.0, 0, 1, 0.0, 19950317, 19950317]
[0, 0.0, 1, 0.0, 0.0, 19950317, 19950317]
[1, 0.0, 0.0, 0.0, 0.0, 19950317, 19950317]

4

[0, 0, 0, 0, 1, 19950317, 19950317]
[0, 0.0, 0, 1, 0.0, 19950317, 19950317]
[0, 0.0, 1, 0.0, 0.0, 19950317, 19950317]
[1, 0.0, 0.0, 0.0, 0.0, 19950317, 19950317]

5

[0, 0, 0, 0, 1, 19950317, 19950317]
[0, 0.0, 0, 1, 0.0, 19950317, 19950317]
[0, 0.0, 1, 0.0, 0.0, 19950317, 19950317]
[1, 0.0, 0.0, 0.0, 0.0, 19950317, 19950317]

6

[0, 0, 0, 0, 1, 19950317, 19950317]
[0, 0.0, 0, 1, 0.0, 19950317, 19950317]
[0, 0.0, 1, 0.0, 0.0, 19950317, 19950317]
[1, 0.0, 0.0, 0.0, 0.0, 19950317, 19950317]
