selection file, result

1

[200, 3.0, 1.0, 0.0]
[200, 5.0, 1.0, 1.0]
[202, 4.0, 0.0, 1.0]
[286, 3.0, 0.0, 1.0]
[318, 3.0, 1.0, 1.0]

2

[200, 3.0, 1.0, 0.0]
[200, 4.0, 0.0, 1.0]
[220, 3.0, 0.0, 1.0]
[292, 3.0, 1.0, 1.0]
[200, 5.0, 1.0, 1.0]

3

[200, 3.0, 1.0, 0.0]
[200, 4.0, 0.0, 1.0]
[202, 3.0, 0.0, 1.0]
[286, 3.0, 1.0, 1.0]
[200, 5.0, 1.0, 1.0]
[232, 4.0, 1.0, 1.0]

4

[200, 3.0, 1.0, 0.0]
[200, 3.0, 0.0, 1.0]
[200, 5.0, 1.0, 1.0]
[210, 4.0, 1.0, 1.0]
[237, 3.0, 1.0, 1.0]

5

[200, 3.0, 1.0, 0.0]
[200, 3.0, 0.0, 1.0]
[200, 4.0, 1.0, 1.0]
[220, 3.0, 1.0, 1.0]

6

[200, 3.0, 1.0, 0.0]
[200, 3.0, 0.0, 1.0]
[200, 4.0, 1.0, 1.0]
[210, 3.0, 1.0, 1.0]
