selection file, result

1

[19941001, 19960101.0, 1.0, 0.0]
[19941001, 19960101.0, 0.0, 1.0]
[19950111, 19951221.0, 1.0, 1.0]
[19950109, 19950605.0, 1.0, 1.0]
[19950108, 19950530.0, 1.0, 1.0]
[19950107, 19950525.0, 1.0, 1.0]
[19950105, 19950517.0, 1.0, 1.0]
[19950104, 19950514.0, 1.0, 1.0]
[19950103, 19950509.0, 1.0, 1.0]
[19941232, 19950508.0, 1.0, 1.0]
[19941231, 19950507.0, 1.0, 1.0]
[19941230, 19950501.0, 1.0, 1.0]
[19941228, 19950429.0, 1.0, 1.0]
[19941227, 19950428.0, 1.0, 1.0]
[19941225, 19950425.0, 1.0, 1.0]
[19941224, 19950422.0, 1.0, 1.0]
[19941223, 19950420.0, 1.0, 1.0]
[19941221, 19950418.0, 1.0, 1.0]
[19941218, 19950415.0, 1.0, 1.0]
[19941217, 19950413.0, 1.0, 1.0]
[19941216, 19950411.0, 1.0, 1.0]
[19941213, 19950410.0, 1.0, 1.0]
[19941209, 19950408.0, 1.0, 1.0]
[19941206, 19950405.0, 1.0, 1.0]
[19941205, 19950401.0, 1.0, 1.0]
[19941202, 19950330.0, 1.0, 1.0]
[19941131, 19950329.0, 1.0, 1.0]
[19941130, 19950328.0, 1.0, 1.0]
[19941128, 19950327.0, 1.0, 1.0]
[19941126, 19950325.0, 1.0, 1.0]
[19941125, 19950324.0, 1.0, 1.0]
[19941124, 19950322.0, 1.0, 1.0]
[19941122, 19950321.0, 1.0, 1.0]
[19941121, 19950320.0, 1.0, 1.0]
[19941120, 19950319.0, 1.0, 1.0]
[19941119, 19950318.0, 1.0, 1.0]
[19941117, 19950316.0, 1.0, 1.0]
[19941116, 19950315.0, 1.0, 1.0]
[19941113, 19950314.0, 1.0, 1.0]
[19941112, 19950313.0, 1.0, 1.0]
[19941111, 19950312.0, 1.0, 1.0]
[19941108, 19950310.0, 1.0, 1.0]
[19941106, 19950308.0, 1.0, 1.0]
[19941104, 19950306.0, 1.0, 1.0]
[19941103, 19950305.0, 1.0, 1.0]
[19941032, 19950303.0, 1.0, 1.0]
[19941030, 19950301.0, 1.0, 1.0]
[19941024, 19950227.0, 1.0, 1.0]
[19941023, 19950226.0, 1.0, 1.0]
[19941021, 19950224.0, 1.0, 1.0]
[19941018, 19950219.0, 1.0, 1.0]
[19941017, 19950218.0, 1.0, 1.0]
[19941015, 19950216.0, 1.0, 1.0]
[19941013, 19950214.0, 1.0, 1.0]
[19941012, 19950213.0, 1.0, 1.0]
[19941011, 19950212.0, 1.0, 1.0]
[19941006, 19950207.0, 1.0, 1.0]
[19941001, 19950205.0, 1.0, 1.0]
[19950113.0, 19951223.0, 1.0, 1.0]
[19950114.0, 19951226.0, 1.0, 1.0]
[19950117.0, 19951229.0, 1.0, 1.0]
[19950119.0, 19951230.0, 1.0, 1.0]
[19950124.0, 19960101.0, 1.0, 1.0]

2



3



4



5



6



7



8


