selection file, result

1

[37.0, 4.0, 1.0]
[36.0, 3.0, 1.0]
[25.0, 0.0, 1.0]
[41.0, 13.0, 1.0]
[46.0, 14.0, 1.0]

2

[41.0, 13.0, 1.0]
[37.0, 4.0, 1.0]
[36.0, 3.0, 1.0]
[49.0, 15.0, 1.0]
[61.0, 16.0, 1.0]
[46.0, 14.0, 1.0]

3

[41.0, 13.0, 1.0]
[37.0, 4.0, 1.0]
[36.0, 3.0, 1.0]
[49.0, 15.0, 1.0]
[61.0, 16.0, 1.0]
[46.0, 14.0, 1.0]

4

[41.0, 13.0, 1.0]
[40.0, 4.0, 1.0]
[49.0, 15.0, 1.0]
[61.0, 16.0, 1.0]
[46.0, 14.0, 1.0]

5

[46.0, 14.0, 1.0]
[45.0, 13.0, 1.0]
[61.0, 16.0, 1.0]
[49.0, 15.0, 1.0]

6

[50.0, 15.0, 1.0]
[61.0, 16.0, 1.0]

7

[55.0, 15.0, 1.0]
[61.0, 16.0, 1.0]

8

[60.0, 15.0, 1.0]
[61.0, 16.0, 1.0]
