selection file, result

1

[40.0, 19.0, 0.0, 1.0, 0.0]
[40.0, 20.0, 1.0, 0.0, 0.0]
[41.0, 19.0, 1.0, 1.0, 1.0]
[40.0, 22.0, 1.0, 1.0, 1.0]
[40.0, 19.0, 0.0, 0.0, 1.0]

2

[40.0, 19.0, 1.0, 0.0, 0.0]
[40.0, 19.0, 0.0, 1.0, 0.0]
[41.0, 19.0, 1.0, 1.0, 1.0]
[40.0, 21.0, 1.0, 1.0, 0.0]
[40.0, 22.0, 1.0, 1.0, 1.0]
[40.0, 20.0, 0.0, 1.0, 1.0]
[40.0, 19.0, 0.0, 0.0, 1.0]
[40.0, 21.0, 1.0, 0.0, 1.0]

3

[40.0, 19.0, 1.0, 0.0, 0.0]
[40.0, 19.0, 0.0, 1.0, 1.0]
[40.0, 20.0, 1.0, 1.0, 0.0]
[41.0, 19.0, 1.0, 1.0, 1.0]
[40.0, 22.0, 1.0, 1.0, 1.0]
[40.0, 20.0, 1.0, 0.0, 1.0]

4

[40.0, 19.0, 1.0, 0.0, 1.0]
[40.0, 19.0, 0.0, 1.0, 1.0]
[40.0, 20.0, 1.0, 1.0, 0.0]
[41.0, 19.0, 1.0, 1.0, 1.0]
[40.0, 21.0, 1.0, 1.0, 1.0]

5

[40.0, 19.0, 1.0, 1.0, 0.0]
[40.0, 19.0, 1.0, 0.0, 1.0]
[40.0, 19.0, 0.0, 1.0, 1.0]
[41.0, 19.0, 1.0, 1.0, 1.0]
[40.0, 21.0, 1.0, 1.0, 1.0]

6

[40.0, 19.0, 1.0, 1.0, 0.0]
[40.0, 19.0, 1.0, 0.0, 1.0]
[40.0, 19.0, 0.0, 1.0, 1.0]
[41.0, 19.0, 1.0, 1.0, 1.0]
[40.0, 21.0, 1.0, 1.0, 1.0]
