selection file, result

2



3



4

[200, 3.0, 0.0, 1.0]
[200, 3.0, 1.0, 0.0]
[200, 1.0, 0.0, 0.0]
[182, 3.0, 0.0, 0.0]

5

[250, 3.0, 1.0, 1.0]
[250, 2.0, 0.0, 1.0]
[225, 3.0, 0.0, 1.0]
[182, 3.0, 0.0, 0.0]
[229, 0.0, 0.0, 0.0]
[218, 1.0, 0.0, 0.0]
[250, 2.0, 1.0, 0.0]
[225, 3.0, 1.0, 0.0]

6

[300, 3.0, 1.0, 1.0]
[294, 2.0, 0.0, 1.0]
[300, 0.0, 0.0, 1.0]
[225.0, 3.0, 0.0, 1.0]
[182.0, 3.0, 0.0, 0.0]
[229.0, 0.0, 0.0, 0.0]
[218.0, 1.0, 0.0, 0.0]
[300, 2.0, 1.0, 0.0]
[225, 3.0, 1.0, 0.0]

7

[350, 2.0, 1.0, 0.0]
[314, 3.0, 1.0, 1.0]
[225, 3.0, 0.0, 1.0]
[182, 3.0, 0.0, 0.0]
[225, 3.0, 1.0, 0.0]
[319, 0.0, 0.0, 1.0]
[294, 2.0, 0.0, 1.0]
[229, 0.0, 0.0, 0.0]

8

[396, 1.0, 1.0, 1.0]
[399, 0.0, 1.0, 1.0]
[314.0, 3.0, 1.0, 1.0]
[225.0, 3.0, 0.0, 1.0]
[182.0, 3.0, 0.0, 0.0]
[225.0, 3.0, 1.0, 0.0]
[386.0, 2.0, 1.0, 1.0]
[294.0, 2.0, 0.0, 1.0]
[370.0, 2.0, 1.0, 0.0]
[319.0, 0.0, 0.0, 1.0]
[218.0, 1.0, 0.0, 0.0]
[229.0, 0.0, 0.0, 0.0]
[396.0, 0.0, 1.0, 0.0]
[386.0, 1.0, 1.0, 0.0]

9

[399, 0.0, 1.0, 1.0]
[396, 1.0, 1.0, 1.0]
[218, 1.0, 0.0, 0.0]
[314, 3.0, 1.0, 1.0]
[225, 3.0, 0.0, 1.0]
[182, 3.0, 0.0, 0.0]
[225, 3.0, 1.0, 0.0]
[386, 1.0, 1.0, 0.0]
[386, 2.0, 1.0, 1.0]
[294, 2.0, 0.0, 1.0]
[370, 2.0, 1.0, 0.0]
[319, 0.0, 0.0, 1.0]
[229, 0.0, 0.0, 0.0]
[396, 0.0, 1.0, 0.0]
