selection file, result

1

[28.0, 20.0, 0.0, 1.0, 0.0, 0.0, 0.0, 1.0, 1.0, 0.0]
[30.0, 18.0, 0.0, 0.0, 0.0, 0.0, 0.0, 1.0, 1.0, 0.0]
[25.0, 19.0, 0.0, 0.0, 0.0, 0.0, 0.0, 1.0, 1.0, 0.0]
[28.0, 19.0, 0.0, 0.0, 0.0, 0.0, 0.0, 1.0, 1.0, 1.0]
[32.0, 19.0, 0.0, 0.0, 0.0, 0.0, 1.0, 1.0, 0.0, 0.0]

2

[28.0, 20.0, 0.0, 1.0, 0.0, 0.0, 0.0, 1.0, 1.0, 0.0]
[32.0, 18.0, 0.0, 0.0, 0.0, 0.0, 0.0, 1.0, 1.0, 0.0]
[35.0, 17.0, 0.0, 0.0, 0.0, 0.0, 0.0, 1.0, 1.0, 0.0]
[35.0, 19.0, 0.0, 0.0, 0.0, 0.0, 1.0, 1.0, 0.0, 0.0]
[25.0, 19.0, 0.0, 0.0, 0.0, 0.0, 0.0, 1.0, 1.0, 0.0]
[28.0, 19.0, 0.0, 0.0, 0.0, 0.0, 0.0, 1.0, 1.0, 1.0]
[36.0, 19.0, 0.0, 0.0, 1.0, 0.0, 0.0, 1.0, 1.0, 0.0]
[36.0, 18.0, 0.0, 0.0, 0.0, 0.0, 1.0, 0.0, 1.0, 0.0]
[33.0, 18.0, 0.0, 0.0, 0.0, 0.0, 0.0, 1.0, 1.0, 1.0]

3

[28.0, 20.0, 0.0, 1.0, 0.0, 0.0, 0.0, 1.0, 1.0, 0.0]
[32.0, 18.0, 0.0, 0.0, 0.0, 0.0, 0.0, 1.0, 1.0, 0.0]
[35.0, 17.0, 0.0, 0.0, 0.0, 0.0, 0.0, 1.0, 1.0, 0.0]
[37.0, 16.0, 0.0, 0.0, 0.0, 0.0, 0.0, 1.0, 1.0, 0.0]
[38.0, 13.0, 0.0, 0.0, 0.0, 0.0, 0.0, 1.0, 1.0, 0.0]
[38.0, 16.0, 0.0, 0.0, 0.0, 0.0, 0.0, 1.0, 1.0, 1.0]
[40.0, 19.0, 0.0, 0.0, 0.0, 0.0, 1.0, 1.0, 0.0, 0.0]
[25.0, 19.0, 0.0, 0.0, 0.0, 0.0, 0.0, 1.0, 1.0, 0.0]
[28.0, 19.0, 0.0, 0.0, 0.0, 0.0, 0.0, 1.0, 1.0, 1.0]

4

[28.0, 20.0, 0.0, 1.0, 0.0, 0.0, 0.0, 1.0, 1.0, 0.0]
[32.0, 18.0, 0.0, 0.0, 0.0, 0.0, 0.0, 1.0, 1.0, 0.0]
[35.0, 17.0, 0.0, 0.0, 0.0, 0.0, 0.0, 1.0, 1.0, 0.0]
[37.0, 16.0, 0.0, 0.0, 0.0, 0.0, 0.0, 1.0, 1.0, 0.0]
[38.0, 13.0, 0.0, 0.0, 0.0, 0.0, 0.0, 1.0, 1.0, 0.0]
[38.0, 16.0, 0.0, 0.0, 0.0, 0.0, 0.0, 1.0, 1.0, 1.0]
[40.0, 19.0, 0.0, 0.0, 0.0, 0.0, 1.0, 1.0, 0.0, 0.0]
[25.0, 19.0, 0.0, 0.0, 0.0, 0.0, 0.0, 1.0, 1.0, 0.0]
[28.0, 19.0, 0.0, 0.0, 0.0, 0.0, 0.0, 1.0, 1.0, 1.0]

5

[28.0, 20.0, 0.0, 1.0, 0.0, 0.0, 0.0, 1.0, 1.0, 0.0]
[32.0, 18.0, 0.0, 0.0, 0.0, 0.0, 0.0, 1.0, 1.0, 0.0]
[35.0, 17.0, 0.0, 0.0, 0.0, 0.0, 0.0, 1.0, 1.0, 0.0]
[37.0, 16.0, 0.0, 0.0, 0.0, 0.0, 0.0, 1.0, 1.0, 0.0]
[38.0, 13.0, 0.0, 0.0, 0.0, 0.0, 0.0, 1.0, 1.0, 0.0]
[38.0, 16.0, 0.0, 0.0, 0.0, 0.0, 0.0, 1.0, 1.0, 1.0]
[40.0, 19.0, 0.0, 0.0, 0.0, 0.0, 1.0, 1.0, 0.0, 0.0]
[25.0, 19.0, 0.0, 0.0, 0.0, 0.0, 0.0, 1.0, 1.0, 0.0]
[28.0, 19.0, 0.0, 0.0, 0.0, 0.0, 0.0, 1.0, 1.0, 1.0]

6

[28.0, 20.0, 0.0, 1.0, 0.0, 0.0, 0.0, 1.0, 1.0, 0.0]
[32.0, 18.0, 0.0, 0.0, 0.0, 0.0, 0.0, 1.0, 1.0, 0.0]
[35.0, 17.0, 0.0, 0.0, 0.0, 0.0, 0.0, 1.0, 1.0, 0.0]
[37.0, 16.0, 0.0, 0.0, 0.0, 0.0, 0.0, 1.0, 1.0, 0.0]
[38.0, 13.0, 0.0, 0.0, 0.0, 0.0, 0.0, 1.0, 1.0, 0.0]
[38.0, 16.0, 0.0, 0.0, 0.0, 0.0, 0.0, 1.0, 1.0, 1.0]
[40.0, 19.0, 0.0, 0.0, 0.0, 0.0, 1.0, 1.0, 0.0, 0.0]
[25.0, 19.0, 0.0, 0.0, 0.0, 0.0, 0.0, 1.0, 1.0, 0.0]
[28.0, 19.0, 0.0, 0.0, 0.0, 0.0, 0.0, 1.0, 1.0, 1.0]

7

[28.0, 20.0, 0.0, 1.0, 0.0, 0.0, 0.0, 1.0, 1.0, 0.0]
[32.0, 18.0, 0.0, 0.0, 0.0, 0.0, 0.0, 1.0, 1.0, 0.0]
[35.0, 17.0, 0.0, 0.0, 0.0, 0.0, 0.0, 1.0, 1.0, 0.0]
[37.0, 16.0, 0.0, 0.0, 0.0, 0.0, 0.0, 1.0, 1.0, 0.0]
[38.0, 13.0, 0.0, 0.0, 0.0, 0.0, 0.0, 1.0, 1.0, 0.0]
[38.0, 16.0, 0.0, 0.0, 0.0, 0.0, 0.0, 1.0, 1.0, 1.0]
[40.0, 19.0, 0.0, 0.0, 0.0, 0.0, 1.0, 1.0, 0.0, 0.0]
[25.0, 19.0, 0.0, 0.0, 0.0, 0.0, 0.0, 1.0, 1.0, 0.0]
[28.0, 19.0, 0.0, 0.0, 0.0, 0.0, 0.0, 1.0, 1.0, 1.0]

8

[28.0, 20.0, 0.0, 1.0, 0.0, 0.0, 0.0, 1.0, 1.0, 0.0]
[32.0, 18.0, 0.0, 0.0, 0.0, 0.0, 0.0, 1.0, 1.0, 0.0]
[35.0, 17.0, 0.0, 0.0, 0.0, 0.0, 0.0, 1.0, 1.0, 0.0]
[37.0, 16.0, 0.0, 0.0, 0.0, 0.0, 0.0, 1.0, 1.0, 0.0]
[38.0, 13.0, 0.0, 0.0, 0.0, 0.0, 0.0, 1.0, 1.0, 0.0]
[38.0, 16.0, 0.0, 0.0, 0.0, 0.0, 0.0, 1.0, 1.0, 1.0]
[40.0, 19.0, 0.0, 0.0, 0.0, 0.0, 1.0, 1.0, 0.0, 0.0]
[25.0, 19.0, 0.0, 0.0, 0.0, 0.0, 0.0, 1.0, 1.0, 0.0]
[28.0, 19.0, 0.0, 0.0, 0.0, 0.0, 0.0, 1.0, 1.0, 1.0]
